station_observations
CURRENT_AIR_TEMPERATURE1, RELATIVE_HUMIDITY1, STORM_SNOW, STANDARD_SNOW, MINIMUM_AIR_TEMPERATURE, MAXIMUM_AIR_TEMPERATURE, time, PRECIPITATION_NEW, MEASURED_WIND_SPEED1, HEIGHT_OF_SNOW
-1.0, None, 0.0, 0.0, -1.0, 9.0, 1988-11-12 06:00:00, None, None, 0.0
6.5, None, 0.0, 0.0, -0.5, 6.5, 1988-11-12 16:30:00, None, None, 0.0
-3.0, None, 0.0, 0.0, -3.0, 8.0, 1988-11-13 06:00:00, None, None, 0.0
2.0, None, 0.0, 0.0, 0.0, 2.0, 1988-11-13 16:30:00, None, None, 0.0
-2.0, None, 0.0, 0.0, -5.0, 1.0, 1988-11-14 06:30:00, None, None, 0.0
1.0, None, 0.0, 0.0, 1.0, 1.0, 1988-11-14 16:30:00, None, None, 0.0
-2.0, None, 0.0, 0.0, -8.0, 2.0, 1988-11-15 05:30:00, None, None, 0.0
0.0, None, 0.0, 0.0, -3.0, 0.0, 1988-11-15 19:00:00, None, None, 0.0
-0.5, None, 0.0, 0.0, -3.0, 0.0, 1988-11-16 05:30:00, None, None, 0.0
0.5, None, 0.0, 0.0, -6.0, 4.0, 1988-11-16 16:15:00, None, None, 0.0
-1.5, None, 4.0, 3.0, -8.5, 1.5, 1988-11-17 05:35:00, None, None, 0.0
-3.0, None, 0.0, 0.0, -3.0, 1.5, 1988-11-17 16:45:00, None, None, 0.0
-2.5, None, 0.0, 0.0, -4.5, -1.0, 1988-11-18 05:35:00, None, None, 0.0
-1.5, None, 4.0, 4.0, -3.0, -1.0, 1988-11-18 16:40:00, None, None, 4.0
0.0, None, 4.0, 2.0, -3.0, 0.5, 1988-11-19 05:30:00, None, None, 6.0
0.0, None, 0.0, 0.0, 0.0, 3.0, 1988-11-19 16:30:00, None, None, 4.0
-3.0, None, 0.0, 0.0, -4.5, 1.0, 1988-11-20 05:30:00, None, None, 3.0
1.5, None, 0.0, 0.0, -3.5, 6.0, 1988-11-20 16:30:00, None, None, 2.0
4.5, None, 0.0, 0.0, -3.5, 5.0, 1988-11-21 05:40:00, None, None, 0.0
0.0, None, 0.0, 0.0, 0.0, 5.5, 1988-11-21 16:30:00, None, None, 0.0
-3.0, None, 0.0, 0.0, -5.0, 3.0, 1988-11-22 05:30:00, None, None, 0.0
5.0, None, 0.0, 0.0, 3.0, 6.0, 1988-11-22 16:30:00, None, None, 0.0
1.0, None, 0.0, 0.0, 0.0, 7.0, 1988-11-23 05:30:00, None, None, 0.0
3.0, None, 0.0, 0.0, 3.0, 5.5, 1988-11-23 16:30:00, None, None, 0.0
-3.0, None, 0.0, 0.0, -7.0, -1.0, 1988-11-24 05:30:00, None, None, 0.0
-5.0, None, 1.0, 1.0, -5.0, 1.5, 1988-11-24 16:30:00, None, None, 0.0
-13.0, None, 0.0, 0.0, -20.0, -3.5, 1988-11-25 05:30:00, None, None, 0.0
-7.0, None, 0.0, 0.0, -13.0, -3.5, 1988-11-25 16:30:00, None, None, 0.0
-15.5, None, None, None, -16.0, -4.5, 1988-11-26 05:30:00, None, None, None
-9.0, None, 0.0, 0.0, -16.5, -8.0, 1988-11-26 16:30:00, None, None, 0.0
-0.5, None, None, None, -9.5, 0.0, 1988-11-27 05:30:00, None, None, None
1.5, None, 0.0, 0.0, -1.0, 5.0, 1988-11-27 16:30:00, None, None, 0.0
-3.5, None, 0.0, 0.0, -3.5, 2.5, 1988-11-28 05:30:00, None, None, 0.0
1.0, None, 0.0, 0.0, -5.0, 3.0, 1988-11-28 16:30:00, None, None, 0.0
2.0, None, 0.0, 0.0, -1.0, 3.0, 1988-11-29 05:30:00, None, None, 0.0
2.5, None, 0.0, 0.0, 0.5, 3.0, 1988-11-29 16:30:00, None, None, 0.0
2.5, None, 0.0, 0.0, 1.5, 3.0, 1988-11-30 05:30:00, None, None, 0.0
5.0, None, 0.0, 0.0, 2.5, 7.0, 1988-11-30 16:30:00, None, None, 0.0
1.0, None, 0.0, 0.0, 0.5, 6.5, 1988-12-01 05:30:00, None, None, 0.0
4.0, None, 0.0, 0.0, 0.5, 7.0, 1988-12-01 16:30:00, None, None, 0.0
-5.5, None, 0.0, 0.0, -5.5, 5.5, 1988-12-02 05:30:00, None, None, 0.0
-4.5, None, 0.0, 0.0, -7.0, 3.5, 1988-12-02 16:30:00, None, None, 0.0
-5.5, None, 0.0, 0.0, -9.5, -4.0, 1988-12-03 05:30:00, None, None, 0.0
7.5, None, 0.0, 0.0, -6.5, 8.0, 1988-12-03 16:30:00, None, None, 0.0
7.5, None, 0.0, 0.0, 4.5, 10.0, 1988-12-04 05:30:00, None, None, 0.0
8.5, None, 0.0, 0.0, 7.0, 10.0, 1988-12-04 16:30:00, None, None, 0.0
3.5, None, 0.0, 0.0, 3.0, 10.0, 1988-12-05 05:30:00, None, None, 0.0
-1.5, None, 0.0, 0.0, -1.5, 7.0, 1988-12-05 16:30:00, None, None, 0.0
-6.0, None, 0.0, 0.0, -7.0, -1.0, 1988-12-06 05:30:00, None, None, 0.0
-4.5, None, 0.0, 0.0, -8.0, -2.0, 1988-12-06 16:15:00, None, None, 0.0
-13.5, None, 0.0, 0.0, -14.0, -3.0, 1988-12-07 05:30:00, None, None, 0.0
-5.5, None, 0.0, 0.0, -14.5, -2.0, 1988-12-07 16:00:00, None, None, 0.0
-4.0, None, 11.0, 11.0, -6.5, -3.5, 1988-12-08 05:30:00, None, None, 11.0
-1.0, None, 11.0, 1.0, -3.0, 3.0, 1988-12-08 16:15:00, None, None, 11.0
-0.5, None, 0.0, 0.0, -2.5, 1.0, 1988-12-09 05:30:00, None, None, 10.0
1.0, None, 0.0, 0.0, 1.0, 1.0, 1988-12-09 16:15:00, None, None, 10.0
0.0, None, 0.1, 0.1, -1.5, 1.5, 1988-12-10 05:30:00, None, None, 10.0
-4.0, None, 0.0, 0.0, -4.0, 1.5, 1988-12-10 16:15:00, None, None, 10.0
0.5, None, 1.0, 1.0, -6.0, 1.0, 1988-12-11 05:30:00, None, None, 10.0
1.0, None, 0.0, 0.0, 0.0, 2.0, 1988-12-11 16:30:00, None, None, 8.0
-9.0, None, 0.0, 0.0, -9.5, 2.0, 1988-12-12 05:30:00, None, None, 9.0
-2.0, None, 0.0, 0.0, -8.5, -1.5, 1988-12-12 16:15:00, None, None, 8.0
-0.5, None, 3.0, 3.0, -2.0, 1.0, 1988-12-13 05:30:00, None, None, 10.0
-2.0, None, 1.0, 1.0, -2.5, 1.0, 1988-12-13 16:15:00, None, None, 11.0
-4.0, None, 3.0, 3.0, -5.0, 1.0, 1988-12-14 05:30:00, None, None, 15.0
-6.5, None, 0.0, 0.0, -6.5, 1.0, 1988-12-14 16:20:00, None, None, 15.0
-12.0, None, 0.0, 0.0, -12.5, -6.0, 1988-12-15 05:30:00, None, None, 14.0
-9.0, None, 0.0, 0.0, -14.0, -1.5, 1988-12-15 16:15:00, None, None, 13.0
-18.0, None, 0.0, 0.0, -18.5, -7.0, 1988-12-16 05:30:00, None, None, 13.0
-7.5, None, 0.0, 0.0, -18.0, -2.0, 1988-12-16 16:15:00, None, None, 13.0
-11.5, None, 0.0, 0.0, -14.5, -7.0, 1988-12-17 05:30:00, None, None, 12.0
-1.5, None, 0.0, 0.0, -12.0, -1.0, 1988-12-17 16:15:00, None, None, 12.0
-2.5, None, 0.0, 0.0, -3.0, 0.0, 1988-12-18 05:30:00, None, None, 12.0
-3.0, None, 0.0, 0.0, -3.0, 0.0, 1988-12-18 16:15:00, None, None, 12.0
-3.0, None, 1.0, 1.0, -3.5, -2.0, 1988-12-19 05:30:00, None, None, 13.0
-5.0, None, 0.0, 0.0, -5.0, -1.5, 1988-12-19 16:15:00, None, None, 13.0
-15.0, None, 0.0, 0.0, -15.0, -5.0, 1988-12-20 05:30:00, None, None, 13.0
-10.5, None, 0.0, 0.0, -17.5, -10.0, 1988-12-20 16:15:00, None, None, 13.0
-9.0, None, 0.0, 0.0, -17.0, -8.5, 1988-12-21 05:30:00, None, None, 13.0
-7.5, None, 1.0, 1.0, -10.0, -6.0, 1988-12-21 16:15:00, None, None, 14.0
-18.5, None, 0.0, 0.0, -19.0, -7.5, 1988-12-22 05:30:00, None, None, 14.0
-13.0, None, 0.0, 0.0, -19.0, -10.0, 1988-12-22 16:15:00, None, None, 13.0
-11.0, None, 2.0, 2.0, -17.5, -10.0, 1988-12-23 05:30:00, None, None, 16.0
-8.0, None, 0.0, 0.0, -11.5, -2.5, 1988-12-23 16:15:00, None, None, 16.0
-12.5, None, 0.0, 0.0, -15.0, -6.0, 1988-12-24 05:30:00, None, None, 16.0
-7.5, None, 0.0, 0.0, -14.0, -6.0, 1988-12-24 15:45:00, None, None, 16.0
-22.5, None, None, None, -22.5, -6.0, 1988-12-25 05:00:00, None, None, None
-18.0, None, None, None, -22.5, -12.0, 1988-12-25 15:00:00, None, None, None
-15.0, None, 0.0, 0.0, -26.0, -6.0, 1988-12-26 07:00:00, None, None, 15.0
-9.5, None, None, None, -12.5, -9.0, 1988-12-26 16:00:00, None, None, None
-8.5, None, 3.0, 3.0, -15.0, -8.0, 1988-12-27 05:30:00, None, None, 18.0
-6.0, None, 0.0, 0.0, -6.5, -5.0, 1988-12-27 16:30:00, None, None, 18.0
-5.5, None, 0.0, 0.0, -6.5, -4.0, 1988-12-28 05:30:00, None, None, 18.0
-4.0, None, None, 7.0, -6.0, -3.5, 1988-12-28 16:15:00, None, None, 24.0
-3.5, None, 20.0, 20.0, -5.0, -2.0, 1988-12-29 05:30:00, None, None, 36.0
-3.0, None, 0.0, 0.0, -5.5, 1.0, 1988-12-29 16:00:00, None, None, 35.0
-4.5, None, 0.0, 0.0, -6.0, -2.5, 1988-12-30 05:30:00, None, None, 34.0
-9.0, None, 0.0, 0.0, -9.0, -3.5, 1988-12-30 16:15:00, None, None, 32.0
-24.5, None, 0.0, 0.0, -24.5, -8.0, 1988-12-31 05:30:00, None, None, 32.0
-20.0, None, 0.0, 0.0, -27.0, -13.0, 1988-12-31 16:15:00, None, None, 32.0
-9.0, None, None, None, -20.0, -9.0, 1989-01-01 05:30:00, None, None, None
-6.0, None, None, None, -9.0, -5.0, 1989-01-01 16:00:00, None, None, None
-20.0, None, 2.0, 2.0, -21.5, -6.0, 1989-01-02 06:30:00, None, None, 31.0
-12.0, None, 0.0, 0.0, -21.0, -10.0, 1989-01-02 16:15:00, None, None, 30.0
-2.0, None, 9.0, 9.0, -11.5, -2.0, 1989-01-03 05:30:00, None, None, 38.0
-3.0, None, 2.0, 2.0, -3.0, 3.0, 1989-01-03 16:00:00, None, None, 39.0
-10.0, None, 0.0, 0.0, -13.0, -10.0, 1989-01-04 05:30:00, None, None, 39.0
-4.5, None, 0.0, 0.0, -16.0, -4.0, 1989-01-04 16:00:00, None, None, 37.0
-9.0, None, 0.0, 0.0, -9.5, -4.0, 1989-01-05 05:30:00, None, None, 34.0
-8.0, None, 0.0, 0.0, -11.0, -8.0, 1989-01-05 16:15:00, None, None, 34.0
-15.5, None, 0.0, 0.0, -17.0, -7.5, 1989-01-06 05:30:00, None, None, 34.0
-19.0, None, 0.0, 0.0, -19.0, -13.0, 1989-01-06 16:15:00, None, None, 34.0
-34.0, None, 0.0, 0.0, -34.0, -18.0, 1989-01-07 05:30:00, None, None, 34.0
-25.0, None, 0.0, 0.0, -36.0, -18.0, 1989-01-07 16:30:00, None, None, 33.0
-18.0, None, 1.0, 1.0, -29.0, -17.0, 1989-01-08 05:30:00, None, None, 35.0
-10.5, None, 3.0, 3.0, -22.0, -9.0, 1989-01-08 16:15:00, None, None, 37.0
-10.5, None, 9.0, 6.0, -11.0, -8.0, 1989-01-09 05:30:00, None, None, 41.0
-8.0, None, 0.0, 0.0, -15.5, -5.0, 1989-01-09 16:15:00, None, None, 39.0
-13.5, None, 2.0, 2.0, -15.0, -6.0, 1989-01-10 05:30:00, None, None, 41.0
-9.0, None, 5.0, 5.0, -14.0, -8.0, 1989-01-10 16:15:00, None, None, 45.0
-12.0, None, 1.0, 1.0, -15.5, -7.0, 1989-01-11 05:30:00, None, None, 43.0
-8.0, None, 0.0, 0.0, -16.0, -7.0, 1989-01-11 16:15:00, None, None, 44.0
-1.5, None, 1.0, 1.0, -9.0, -1.0, 1989-01-12 05:30:00, None, None, 42.0
3.0, None, 0.0, 0.0, -2.0, 4.0, 1989-01-12 16:00:00, None, None, 42.0
-7.0, None, 3.0, 3.0, -9.0, 4.5, 1989-01-13 05:30:00, None, None, 42.0
-8.0, None, 0.0, 0.0, -12.0, -4.0, 1989-01-13 16:00:00, None, None, 42.0
-17.5, None, 0.0, 0.0, -19.5, -7.0, 1989-01-14 05:30:00, None, None, 42.0
-7.5, None, 1.0, 1.0, -17.5, -5.0, 1989-01-14 16:15:00, None, None, 42.0
-6.5, None, 2.0, 2.0, -11.0, -5.0, 1989-01-15 05:30:00, None, None, 42.0
-2.0, None, 3.0, 1.0, -6.0, -1.5, 1989-01-15 16:00:00, None, None, 42.0
-0.5, None, 14.0, 12.0, -3.5, 0.0, 1989-01-16 05:30:00, None, None, 47.0
1.0, None, 0.0, 0.0, -0.5, 4.5, 1989-01-16 16:00:00, None, None, 51.0
-6.0, None, 0.0, 0.0, -6.0, 3.0, 1989-01-17 06:15:00, None, None, 49.0
-2.0, None, 0.0, 0.0, -8.5, -1.0, 1989-01-17 16:00:00, None, None, 49.0
-7.5, None, 0.0, 0.0, -8.0, 1.0, 1989-01-18 05:30:00, None, None, 47.0
0.0, None, 0.0, 0.0, -11.5, 5.0, 1989-01-18 16:00:00, None, None, 46.0
-2.5, None, 0.0, 0.0, -5.5, 0.0, 1989-01-19 05:30:00, None, None, 46.0
2.0, None, 5.0, 5.0, -3.0, 2.5, 1989-01-19 16:15:00, None, None, 50.0
3.0, None, 0.0, 0.0, 1.5, 4.0, 1989-01-20 05:30:00, None, None, 47.0
4.0, None, 0.0, 0.0, -5.5, 7.0, 1989-01-20 16:00:00, None, None, 47.0
-11.0, None, 0.0, 0.0, -11.5, 3.0, 1989-01-21 05:30:00, None, None, 46.0
-3.5, None, 0.0, 0.0, -11.0, 0.0, 1989-01-21 16:00:00, None, None, 46.0
-17.5, None, 0.0, 0.0, -17.5, -3.0, 1989-01-22 05:30:00, None, None, 46.0
-9.0, None, 0.0, 0.0, -21.0, -3.0, 1989-01-22 16:00:00, None, None, 45.0
-25.0, None, 0.0, 0.0, -25.5, -9.0, 1989-01-23 05:30:00, None, None, 44.0
-11.0, None, 0.0, 0.0, -26.0, -9.0, 1989-01-23 16:00:00, None, None, 44.0
-5.5, None, 0.0, 0.0, -18.0, -5.0, 1989-01-24 05:30:00, None, None, 44.0
-4.0, None, 0.0, 0.0, -5.0, 0.0, 1989-01-24 16:00:00, None, None, 44.0
-2.5, None, 6.0, 6.0, -7.0, -1.5, 1989-01-25 05:30:00, None, None, 50.0
-0.5, None, 0.0, 0.0, -3.0, 0.0, 1989-01-25 16:00:00, None, None, 49.0
0.5, None, 0.0, 0.0, -1.0, 2.0, 1989-01-26 05:30:00, None, None, 49.0
6.0, None, 0.0, 0.0, 0.0, 8.0, 1989-01-26 16:00:00, None, None, 45.0
-7.0, None, 0.0, 0.0, -7.5, 5.5, 1989-01-27 05:30:00, None, None, 43.0
1.0, None, 0.0, 0.0, -7.5, 2.5, 1989-01-27 16:00:00, None, None, 43.0
1.0, None, 0.0, 0.0, -6.5, 2.0, 1989-01-28 05:30:00, None, None, 42.0
3.0, None, 0.0, 0.0, 1.0, 4.5, 1989-01-28 16:00:00, None, None, 42.0
0.5, None, 0.0, 0.0, 0.0, 4.0, 1989-01-29 05:30:00, None, None, None
1.0, None, 0.0, 0.0, 0.0, 3.5, 1989-01-29 16:00:00, None, None, 40.0
-0.5, None, 0.0, 0.0, -0.5, 2.0, 1989-01-30 05:30:00, None, None, 39.0
-17.0, None, 3.0, 3.0, -17.0, 1.5, 1989-01-30 16:00:00, None, None, 41.0
-29.0, None, 3.0, 0.0, -29.0, -16.0, 1989-01-31 05:30:00, None, None, 39.0
-27.0, None, 0.0, 0.0, -30.0, -24.0, 1989-01-31 16:00:00, None, None, 39.0
-28.5, None, 0.0, 0.0, -29.0, -26.0, 1989-02-01 05:30:00, None, None, 37.0
-24.0, None, 0.0, 0.0, -29.5, -23.0, 1989-02-01 16:00:00, None, None, 37.0
-26.0, None, 0.0, 0.0, -27.5, -22.5, 1989-02-02 05:30:00, None, None, 37.0
-23.0, None, 0.0, 0.0, -27.0, -20.0, 1989-02-02 16:15:00, None, None, 38.0
-32.0, None, 0.0, 0.0, -32.0, -21.5, 1989-02-03 05:30:00, None, None, 37.0
-17.0, None, 0.0, 0.0, -33.5, -16.5, 1989-02-03 16:00:00, None, None, 38.0
-32.0, None, 0.0, 0.0, -32.0, -16.0, 1989-02-04 05:30:00, None, None, 37.0
-15.0, None, 0.0, 0.0, -33.0, -13.5, 1989-02-04 16:00:00, None, None, 38.0
-30.5, None, 0.0, 0.0, -31.0, -13.5, 1989-02-05 05:30:00, None, None, 37.0
-13.0, None, 0.0, 0.0, -31.5, -12.5, 1989-02-05 16:00:00, None, None, 37.0
-30.0, None, 0.0, 0.0, -30.0, -12.5, 1989-02-06 05:30:00, None, None, 37.0
-13.0, None, 0.0, 0.0, -30.5, -12.0, 1989-02-06 16:00:00, None, None, 37.0
-28.5, None, 0.0, 0.0, -28.5, -12.0, 1989-02-07 05:30:00, None, None, 36.0
-10.0, None, 0.0, 0.0, -29.5, -9.0, 1989-02-07 16:00:00, None, None, 36.0
-27.0, None, 0.0, 0.0, -27.0, -10.0, 1989-02-08 05:30:00, None, None, 36.0
-8.0, None, 0.0, 0.0, -28.5, -7.0, 1989-02-08 16:00:00, None, None, 36.0
-26.0, None, 0.0, 0.0, -26.0, -7.0, 1989-02-09 05:30:00, None, None, 36.0
-6.0, None, 0.0, 0.0, -27.0, -5.0, 1989-02-09 16:00:00, None, None, 37.0
-24.5, None, 0.0, 0.0, -24.5, -5.5, 1989-02-10 05:30:00, None, None, 36.0
-8.0, None, 0.0, 0.0, -25.5, -8.0, 1989-02-10 16:00:00, None, None, 37.0
-23.0, None, 0.0, 0.0, -23.0, -8.0, 1989-02-11 05:30:00, None, None, 36.0
-4.0, None, 0.0, 0.0, -25.0, -3.0, 1989-02-11 16:00:00, None, None, 37.0
-19.0, None, 0.0, 0.0, -21.5, -3.5, 1989-02-12 05:30:00, None, None, 37.0
-4.0, None, 0.0, 0.0, -21.0, -2.5, 1989-02-12 16:00:00, None, None, 37.0
-16.5, None, 0.0, 0.0, -17.0, -3.0, 1989-02-13 05:30:00, None, None, 36.0
-5.0, None, 0.0, 0.0, -18.5, -2.0, 1989-02-13 16:00:00, None, None, 36.0
-9.0, None, 0.0, 0.0, -10.0, -5.0, 1989-02-14 05:30:00, None, None, 36.0
2.0, None, 0.0, 0.0, -10.0, 2.5, 1989-02-14 16:00:00, None, None, 36.0
-7.0, None, 1.0, 1.0, -9.0, 3.0, 1989-02-15 05:30:00, None, None, 37.0
-6.5, None, 1.0, 1.0, -7.0, -4.0, 1989-02-15 16:00:00, None, None, 37.0
-19.0, None, 0.0, 0.0, -19.5, -6.0, 1989-02-16 05:30:00, None, None, 37.0
-7.0, None, 0.0, 0.0, -25.0, -5.5, 1989-02-16 16:00:00, None, None, 37.0
-28.5, None, 0.0, 0.0, -29.0, -7.0, 1989-02-17 05:30:00, None, None, 37.0
-9.0, None, 0.0, 0.0, -29.0, -9.0, 1989-02-17 16:00:00, None, None, 37.0
-26.0, None, 0.0, 0.0, -26.0, -8.5, 1989-02-18 05:30:00, None, None, 37.0
-6.0, None, 0.0, 0.0, -27.0, -5.0, 1989-02-18 16:00:00, None, None, 37.0
-22.0, None, 0.0, 0.0, -23.0, -5.0, 1989-02-19 05:30:00, None, None, 37.0
-8.0, None, 1.0, 1.0, -22.0, -7.5, 1989-02-19 16:00:00, None, None, 38.0
-17.0, None, 0.1, 0.1, -17.5, -7.0, 1989-02-20 05:30:00, None, None, 38.0
3.0, None, 0.0, 0.0, -19.0, 5.0, 1989-02-20 16:00:00, None, None, 38.0
-14.0, None, 0.0, 0.0, -14.0, 4.0, 1989-02-21 05:30:00, None, None, 38.0
1.0, None, 0.0, 0.0, -15.0, 6.5, 1989-02-21 16:00:00, None, None, 38.0
-0.5, None, 0.0, 0.0, -5.5, 3.0, 1989-02-22 05:30:00, None, None, 35.0
3.0, None, 0.0, 0.0, -5.5, 6.5, 1989-02-22 16:30:00, None, None, 35.0
1.0, None, 0.0, 0.0, 0.0, 4.0, 1989-02-23 05:30:00, None, None, 35.0
6.0, None, 0.0, 0.0, -0.5, 7.0, 1989-02-23 16:00:00, None, None, 35.0
-2.5, None, 0.0, 0.1, -3.0, 6.0, 1989-02-24 05:30:00, None, None, 36.0
3.0, None, 0.0, 0.0, -3.0, 4.0, 1989-02-24 16:00:00, None, None, 35.0
-5.5, None, 0.0, 0.0, -5.5, 3.0, 1989-02-25 05:30:00, None, None, 35.0
-2.0, None, 0.0, 0.0, -7.0, -1.0, 1989-02-25 16:00:00, None, None, 35.0
-14.5, None, 0.0, 0.0, -15.0, -1.5, 1989-02-26 05:30:00, None, None, 35.0
0.0, None, 0.0, 0.0, -15.0, 1.0, 1989-02-26 16:00:00, None, None, 35.0
-2.5, None, 5.0, 5.0, -3.0, 0.5, 1989-02-27 05:30:00, None, None, 40.0
-3.0, None, 0.0, 0.0, -4.0, -1.0, 1989-02-27 16:00:00, None, None, 38.0
-15.0, None, 0.0, 0.0, -15.5, -3.0, 1989-02-28 05:30:00, None, None, 38.0
-12.5, None, 0.0, 0.0, -17.0, -11.0, 1989-02-28 16:00:00, None, None, 38.0
-31.5, None, 0.0, 0.0, -31.5, -11.5, 1989-03-01 05:30:00, None, None, 38.0
-12.5, None, 0.0, 0.0, -31.5, -11.0, 1989-03-01 16:00:00, None, None, 38.0
-28.5, None, 0.0, 0.0, -29.5, -11.0, 1989-03-02 05:30:00, None, None, 38.0
-7.0, None, 0.0, 0.0, -30.0, -6.0, 1989-03-02 16:00:00, None, None, 37.0
-22.0, None, 0.0, 0.0, -24.0, -6.0, 1989-03-03 05:30:00, None, None, 37.0
-1.0, None, 0.0, 0.0, -22.0, 0.0, 1989-03-03 16:00:00, None, None, 37.0
-10.0, None, 0.0, 0.0, -10.5, -1.0, 1989-03-04 05:30:00, None, None, 37.0
2.0, None, 0.0, 0.0, -15.0, 3.5, 1989-03-04 16:00:00, None, None, 35.0
1.0, None, 0.0, 0.0, -4.5, 2.5, 1989-03-05 05:30:00, None, None, 35.0
5.0, None, 0.0, 0.0, 1.0, 7.5, 1989-03-05 16:00:00, None, None, 35.0
-3.5, None, 0.0, 0.1, -4.0, 6.0, 1989-03-06 05:30:00, None, None, 34.0
5.0, None, 0.0, 0.0, -6.0, 9.0, 1989-03-06 16:00:00, None, None, 34.0
-10.0, None, 0.0, 0.0, -10.0, 6.0, 1989-03-07 05:30:00, None, None, 34.0
4.0, None, 0.0, 0.0, -9.0, 5.0, 1989-03-07 16:00:00, None, None, 34.0
-2.5, None, 0.0, 0.0, -3.0, 5.0, 1989-03-08 05:30:00, None, None, 31.0
5.0, None, 0.0, 0.0, -3.0, 7.0, 1989-03-08 16:00:00, None, None, 31.0
-5.0, None, 0.0, 0.0, -5.5, 6.0, 1989-03-09 05:30:00, None, None, 30.0
7.5, None, 0.0, 0.0, -7.0, 8.0, 1989-03-09 16:00:00, None, None, 29.0
-9.5, None, 2.0, 2.0, -9.5, 8.0, 1989-03-10 05:30:00, None, None, 29.0
-11.0, None, 3.0, 1.0, -11.0, -8.0, 1989-03-10 16:25:00, None, None, 35.0
-15.5, None, 3.0, 0.0, -16.0, -10.0, 1989-03-11 05:30:00, None, None, 32.0
-10.0, None, 2.0, 2.0, -16.0, -9.5, 1989-03-11 16:00:00, None, None, 35.0
-12.0, None, 1.0, 0.0, -12.0, -9.0, 1989-03-12 05:30:00, None, None, 32.0
-3.0, None, 0.0, 0.0, -12.0, -2.0, 1989-03-12 16:00:00, None, None, 34.0
-5.5, None, 5.0, 5.0, -6.0, -2.0, 1989-03-13 05:30:00, None, None, 35.0
-2.0, None, 9.0, 4.0, -6.0, -1.0, 1989-03-13 16:00:00, None, None, 42.0
-16.0, None, 0.1, 0.1, -16.0, -1.5, 1989-03-14 05:30:00, None, None, 42.0
2.5, None, 0.0, 0.0, -17.5, 3.0, 1989-03-14 16:00:00, None, None, 42.0
-6.5, None, 0.1, 0.1, -6.5, 3.0, 1989-03-15 05:30:00, None, None, 42.0
2.5, None, 0.1, 0.1, -9.5, 4.0, 1989-03-15 16:00:00, None, None, 38.0
-16.0, None, 0.0, 0.0, -16.0, 3.0, 1989-03-16 05:30:00, None, None, 34.0
-2.0, None, 0.0, 0.0, -18.0, -1.0, 1989-03-16 16:00:00, None, None, 34.0
-24.0, None, 0.0, 0.0, -24.0, -2.0, 1989-03-17 05:30:00, None, None, 34.0
1.0, None, 0.0, 0.0, -25.0, 1.0, 1989-03-17 16:00:00, None, None, 34.0
-10.0, None, 0.0, 0.0, -12.5, -3.5, 1989-03-18 05:30:00, None, None, 34.0
9.0, None, 0.0, 0.0, -10.0, 9.0, 1989-03-18 16:00:00, None, None, 34.0
-13.0, None, 0.0, 0.0, -13.0, 8.5, 1989-03-19 05:30:00, None, None, 33.0
9.0, None, 0.0, 0.0, -14.0, 10.0, 1989-03-19 16:00:00, None, None, 33.0
-11.5, None, 0.0, 0.0, -12.0, 9.5, 1989-03-20 05:30:00, None, None, 32.0
6.0, None, 0.0, 0.0, -12.0, 9.0, 1989-03-20 16:00:00, None, None, 32.0
-2.0, None, 0.0, 0.0, -3.0, 6.0, 1989-03-21 05:30:00, None, None, 31.0
8.5, None, 0.0, 0.0, -2.0, 9.0, 1989-03-21 16:00:00, None, None, 31.0
-1.0, None, 0.1, 0.1, -2.0, 9.5, 1989-03-22 05:30:00, None, None, 30.0
5.5, None, 0.0, 0.0, -1.0, 9.0, 1989-03-22 16:00:00, None, None, 28.0
-6.5, None, 0.0, 0.0, -6.5, 6.5, 1989-03-23 05:30:00, None, None, 26.0
7.0, None, 0.0, 0.0, -7.0, 7.0, 1989-03-23 16:00:00, None, None, 27.0
-8.0, None, None, None, -8.0, 7.0, 1989-03-24 05:30:00, None, None, None
8.0, None, None, None, -8.0, 8.0, 1989-03-24 14:00:00, None, None, None
-5.0, None, 0.0, 0.0, -8.5, 8.5, 1989-03-25 05:30:00, None, None, 25.0
9.0, None, 0.0, 0.0, -6.0, 10.0, 1989-03-25 16:00:00, None, None, 23.0
1.0, None, 0.0, 0.0, -1.0, 9.0, 1989-03-26 07:30:00, None, None, 23.0
7.0, None, None, None, 1.0, 9.0, 1989-03-26 16:00:00, None, None, None
4.0, None, None, None, 2.0, 7.0, 1989-03-27 06:00:00, None, None, None
-1.0, None, 0.0, 0.0, -3.0, 10.0, 1989-03-28 07:15:00, None, None, 18.0
6.0, None, None, None, -1.0, 7.0, 1989-03-28 16:00:00, None, None, None
-8.0, None, 0.0, 0.0, -8.0, 8.0, 1989-03-29 06:00:00, None, None, 10.0
9.0, None, None, None, -8.0, 10.0, 1989-03-29 16:00:00, None, None, None
-8.0, None, 0.0, 0.0, -8.0, 11.0, 1989-03-30 06:00:00, None, None, 8.0
3.0, None, None, None, -8.0, 7.5, 1989-03-30 16:00:00, None, None, None
-2.0, None, 0.0, 0.0, -8.0, 9.0, 1989-03-31 06:00:00, None, None, 5.0
6.0, None, None, None, -3.0, 8.0, 1989-03-31 16:00:00, None, None, None
-4.0, None, None, None, -5.0, 6.0, 1989-04-01 06:30:00, None, None, None
3.0, None, None, None, -4.0, 5.0, 1989-04-01 16:00:00, None, None, None
-2.5, None, None, None, -2.5, 5.5, 1989-04-02 06:30:00, None, None, None
6.0, None, None, None, -2.5, 7.0, 1989-04-02 16:00:00, None, None, None
-4.5, None, 0.0, 0.0, -5.0, 10.0, 1989-04-03 06:30:00, None, None, 0.0
-5.0, None, 0.0, 0.0, -5.0, 9.0, 1989-04-04 06:30:00, None, None, 0.0
-1.0, None, 0.1, 0.1, -4.5, 8.0, 1989-04-05 06:30:00, None, None, 0.1
-1.0, None, 1.0, 1.0, -1.5, 7.0, 1989-04-06 06:30:00, None, None, 1.0
1.5, None, None, None, -2.5, 8.0, 1989-04-07 06:30:00, None, None, None
-7.0, None, 0.0, 0.0, -8.0, 14.5, 1989-04-10 06:30:00, None, None, 0.0
1.0, None, 0.0, 0.0, -7.5, 17.5, 1989-04-11 06:30:00, None, None, 0.0
-3.5, None, 0.0, 0.0, -3.5, 17.0, 1989-04-12 06:30:00, None, None, 0.0
0.0, None, 0.0, 0.0, -3.5, 15.0, 1989-04-13 06:30:00, None, None, 0.0
0.0, None, 0.0, 0.0, -1.0, 18.5, 1989-04-14 06:30:00, None, None, 0.0
-10.5, None, 0.0, 0.0, -10.5, 12.0, 1989-04-17 06:30:00, None, None, 0.0
12.5, None, 0.0, 0.0, -6.0, 12.5, 1989-04-17 15:00:00, None, None, 0.0
-6.0, None, 0.0, 0.0, -11.0, 15.5, 1989-04-18 06:30:00, None, None, 0.0
-2.5, None, 0.0, 0.0, -6.0, 18.5, 1989-04-19 06:30:00, None, None, 0.0
18.5, None, 0.0, 0.0, -3.0, 20.5, 1989-04-19 15:30:00, None, None, 0.0
7.0, None, 0.0, 0.0, 6.0, 21.5, 1989-04-20 06:30:00, None, None, 0.0
20.0, None, None, None, 9.0, 22.0, 1989-04-20 15:00:00, None, None, None
-1.0, None, 0.0, 0.0, -1.0, 19.0, 1989-04-21 06:30:00, None, None, 0.0
20.0, None, 0.0, 0.0, -1.0, 20.0, 1989-04-21 15:30:00, None, None, 0.0
2.0, None, None, None, 1.5, 16.0, 1989-04-22 07:30:00, None, None, None
14.0, None, None, None, 2.0, 15.0, 1989-04-22 15:00:00, None, None, None
3.0, None, None, None, 2.5, 14.0, 1989-04-23 07:30:00, None, None, None
12.5, None, None, None, 3.0, 12.5, 1989-04-23 15:00:00, None, None, None
-2.5, None, 0.0, 0.0, -2.5, 15.0, 1989-04-24 06:30:00, None, None, 0.0
18.0, None, 0.0, 0.0, -2.5, 18.0, 1989-04-24 15:30:00, None, None, 0.0
-4.5, None, 0.0, 0.0, -5.0, 17.5, 1989-04-25 06:30:00, None, None, 0.0
19.5, None, 0.0, 0.0, -4.0, 19.5, 1989-04-25 15:30:00, None, None, 0.0
-1.0, None, 0.0, 0.0, -4.5, 18.5, 1989-04-26 06:30:00, None, None, 0.0
15.5, None, 0.0, 0.0, -1.0, 16.5, 1989-04-26 15:00:00, None, None, 0.0
1.0, None, 0.0, 0.0, -1.0, 17.0, 1989-04-27 06:30:00, None, None, 0.0
18.5, None, 0.0, 0.0, 0.5, 18.5, 1989-04-27 16:00:00, None, None, 0.0
-0.5, None, 0.0, 0.0, -1.0, 19.0, 1989-04-28 06:30:00, None, None, 0.0
20.5, None, 0.0, 0.0, -1.0, 21.5, 1989-04-28 15:30:00, None, None, 0.0
3.0, None, 0.0, 0.0, 1.0, 20.5, 1989-04-29 06:30:00, None, None, 0.0
22.0, None, 0.0, 0.0, 1.0, 23.0, 1989-04-29 15:00:00, None, None, 0.0
9.0, None, 0.0, 0.0, 6.0, 21.0, 1989-04-30 06:30:00, None, None, 0.0
17.0, None, 0.0, 0.0, 8.0, 17.0, 1989-04-30 15:30:00, None, None, 0.0
0.5, None, 0.0, 0.0, -1.0, 24.0, 1989-05-01 06:30:00, None, None, 0.0
17.5, None, 0.0, 0.0, 1.0, 17.5, 1989-05-01 15:30:00, None, None, 0.0
-2.0, None, 0.0, 0.0, -2.0, 17.5, 1989-05-02 06:30:00, None, None, 0.0
19.0, None, 0.0, 0.0, -2.0, 20.0, 1989-05-02 15:30:00, None, None, 0.0
5.0, None, 0.0, 0.0, 4.0, 20.0, 1989-05-03 06:30:00, None, None, 0.0
21.0, None, 0.0, 0.0, 2.5, 21.0, 1989-05-03 15:30:00, None, None, 0.0
-1.0, None, 0.0, 0.0, -1.5, 21.5, 1989-05-04 06:30:00, None, None, 0.0
22.5, None, 0.0, 0.0, -1.0, 22.5, 1989-05-04 15:30:00, None, None, 0.0
2.5, None, 0.0, 0.0, 1.5, 23.5, 1989-05-05 06:45:00, None, None, 0.0
20.0, None, 0.0, 0.0, 2.5, 20.0, 1989-05-05 15:30:00, None, None, 0.0
4.0, None, 0.0, 0.0, 4.0, 23.0, 1989-05-06 06:30:00, None, None, 0.0
19.0, None, 0.0, 0.0, 4.0, 23.0, 1989-05-06 15:30:00, None, None, 0.0
9.0, None, 0.0, 0.0, 7.0, 15.0, 1989-05-07 06:30:00, None, None, 0.0
23.0, 210.0, 0.0, 0.0, 7.0, 23.0, 1989-05-07 15:30:00, None, None, 0.0
2.0, None, 0.0, 0.0, 1.0, 22.0, 1989-05-08 06:30:00, None, None, 0.0
22.5, None, 0.0, 0.0, 2.0, 24.5, 1989-05-08 16:00:00, None, None, 0.0
2.0, None, 0.0, 0.0, 1.5, 24.0, 1989-05-09 06:30:00, None, None, 0.0
25.0, None, 0.0, 0.0, 2.0, 25.0, 1989-05-09 15:30:00, None, None, 0.0
7.5, None, 0.0, 0.0, 2.0, 23.0, 1989-05-10 06:30:00, None, None, 0.0
12.0, None, 0.0, 0.0, 2.0, 13.0, 1989-05-10 15:30:00, None, None, 0.0
4.0, None, 0.0, 0.0, 4.0, 13.5, 1989-05-11 06:30:00, None, None, 0.0
11.0, None, 0.0, 0.0, 4.5, 12.5, 1989-05-11 16:00:00, None, None, 0.0
2.0, None, 0.0, 0.0, 0.0, 12.5, 1989-05-12 06:30:00, None, None, 0.0
12.5, None, 0.0, 0.0, 0.0, 13.0, 1989-05-12 16:00:00, None, None, 0.0
2.0, None, 0.0, 0.0, -3.5, 13.0, 1989-05-13 06:30:00, None, None, 0.0
20.0, None, 0.0, 0.0, -3.5, 20.0, 1989-05-13 15:30:00, None, None, 0.0
5.0, None, 0.0, 0.0, 5.0, 22.0, 1989-05-14 06:30:00, None, None, 0.0
25.0, None, 0.0, 0.0, 5.0, 25.0, 1989-05-14 15:30:00, None, None, 0.0
4.5, None, 0.0, 0.0, 1.0, 22.0, 1989-05-15 06:30:00, None, None, 0.0
18.0, None, 0.0, 0.0, 5.0, 18.0, 1989-05-15 15:30:00, None, None, 0.0
4.5, None, 0.0, 0.0, 4.0, 18.5, 1989-05-16 06:30:00, None, None, 0.0
17.5, None, 0.0, 0.0, 5.0, 18.0, 1989-05-16 16:30:00, None, None, 0.0
5.0, None, 0.0, 0.0, 4.0, 18.0, 1989-05-17 06:30:00, None, None, 0.0
11.0, None, 0.0, 0.0, 4.0, 11.0, 1989-05-17 15:30:00, None, None, 0.0
4.0, None, 0.0, 0.0, 3.5, 10.0, 1989-05-18 06:30:00, None, None, 0.0
9.0, None, 0.0, 0.0, 4.0, 11.0, 1989-05-18 15:30:00, None, None, 0.0
3.0, None, 0.0, 0.0, 3.0, 8.0, 1989-05-19 06:30:00, None, None, 0.0
12.0, None, 0.0, 0.0, 3.0, 13.0, 1989-05-19 15:30:00, None, None, 0.0
1.5, None, 0.0, 0.0, -3.0, 13.0, 1989-05-20 06:30:00, None, None, 0.0
12.0, None, 0.0, 0.0, -3.0, 13.0, 1989-05-20 15:30:00, None, None, 0.0
0.0, None, 0.0, 0.0, -2.0, 13.0, 1989-05-21 06:30:00, None, None, 0.0
15.0, None, 0.0, 0.0, 0.0, 16.0, 1989-05-21 15:30:00, None, None, 0.0
1.0, None, 0.0, 0.0, 0.0, 13.0, 1989-05-22 06:30:00, None, None, 0.0
16.0, None, 0.0, 0.0, 1.0, 17.0, 1989-05-22 15:30:00, None, None, 0.0
3.5, None, 0.0, 0.0, 1.0, 16.0, 1989-05-23 06:30:00, None, None, 0.0
17.0, None, 0.0, 0.0, 1.0, 18.5, 1989-05-23 15:30:00, None, None, 0.0
1.0, None, 0.0, 0.0, 0.0, 18.5, 1989-05-24 06:30:00, None, None, 0.0
18.5, None, 0.0, 0.0, 1.0, 19.0, 1989-05-24 15:30:00, None, None, 0.0
5.0, None, 0.0, 0.0, 3.5, 19.0, 1989-05-25 06:30:00, None, None, 0.0
10.0, None, 0.0, 0.0, 3.5, 11.0, 1989-05-25 15:30:00, None, None, 0.0
4.5, None, 0.0, 0.0, 2.0, 12.0, 1989-05-26 06:30:00, None, None, 0.0
12.0, None, 0.0, 0.0, 4.5, 13.0, 1989-05-26 15:30:00, None, None, 0.0
6.0, None, 0.0, 0.0, 3.0, 13.0, 1989-05-27 06:30:00, None, None, 0.0
19.0, None, 0.0, 0.0, 6.0, 20.0, 1989-05-27 15:30:00, None, None, 0.0
1.0, None, 0.0, 0.0, -3.0, 20.0, 1989-05-28 06:30:00, None, None, 0.0
20.0, None, 0.0, 0.0, 1.0, 21.0, 1989-05-28 15:30:00, None, None, 0.0
5.0, None, 0.0, 0.0, 2.0, 21.0, 1989-05-29 06:30:00, None, None, 0.0
23.0, None, 0.0, 0.0, 5.0, 24.0, 1989-05-29 15:30:00, None, None, 0.0
5.5, None, 0.0, 0.0, 3.0, 24.0, 1989-05-30 06:30:00, None, None, 0.0
24.0, None, 0.0, 0.0, 3.0, 27.0, 1989-05-30 15:30:00, None, None, 0.0
9.5, None, 0.0, 0.0, 5.5, 27.0, 1989-05-31 06:30:00, None, None, 0.0
18.5, None, 0.0, 0.0, 9.0, 21.5, 1989-05-31 15:30:00, None, None, 0.0
11.0, None, None, 0.0, 11.0, 19.0, 1989-10-09 05:30:00, None, None, 0.0
19.0, None, None, None, 11.0, 19.0, 1989-10-09 16:00:00, None, None, None
5.0, None, None, 0.0, 5.0, 19.0, 1989-10-10 06:00:00, None, None, 0.0
8.5, None, None, None, 5.0, 12.5, 1989-10-10 16:00:00, None, None, None
5.0, None, None, 0.0, 1.0, 8.5, 1989-10-11 05:45:00, None, None, 0.0
13.5, None, None, None, 3.0, 15.0, 1989-10-11 16:00:00, None, None, None
3.5, None, None, 0.0, 1.0, 13.5, 1989-10-12 06:15:00, None, None, 0.0
13.0, None, None, None, 3.5, 13.0, 1989-10-12 16:00:00, None, None, None
-4.5, None, None, 0.0, -4.5, 13.0, 1989-10-13 05:45:00, None, None, 0.0
13.5, None, None, None, -4.5, 13.5, 1989-10-13 16:00:00, None, None, None
1.0, None, None, None, 0.0, 13.5, 1989-10-14 06:00:00, None, None, None
11.0, None, None, None, 1.0, 11.0, 1989-10-14 16:00:00, None, None, None
-4.0, None, None, None, -4.0, 11.0, 1989-10-15 06:00:00, None, None, None
9.5, None, None, None, -5.0, 10.0, 1989-10-15 16:00:00, None, None, None
-8.5, None, None, 0.0, -9.0, 12.0, 1989-10-16 06:30:00, None, None, 0.0
8.0, None, None, 0.0, -9.0, 9.0, 1989-10-16 16:30:00, None, None, 0.0
2.5, None, None, 0.0, -2.5, 8.0, 1989-10-17 06:30:00, None, None, 0.0
12.0, None, None, 0.0, 2.0, 13.0, 1989-10-17 16:30:00, None, None, 0.0
7.0, None, None, 0.0, 7.0, 12.0, 1989-10-18 06:30:00, None, None, 0.0
10.0, None, None, 0.0, 7.0, 14.0, 1989-10-18 16:30:00, None, None, 0.0
0.0, None, None, 0.0, -1.5, 10.0, 1989-10-19 06:30:00, None, None, 0.0
10.0, None, None, 0.0, 0.0, 12.0, 1989-10-19 16:30:00, None, None, 0.0
6.0, None, None, 0.0, 1.0, 10.0, 1989-10-20 07:00:00, None, None, 0.0
6.5, None, None, 0.0, 3.0, 10.0, 1989-10-20 16:30:00, None, None, 0.0
0.0, None, None, None, -1.0, 6.5, 1989-10-21 06:30:00, None, None, None
11.0, None, None, None, 0.0, 13.0, 1989-10-21 16:30:00, None, None, None
2.5, None, None, None, 1.0, 11.0, 1989-10-22 06:30:00, None, None, None
9.5, None, None, None, 2.0, 11.0, 1989-10-22 16:30:00, None, None, None
3.0, None, None, 0.0, 2.0, 9.5, 1989-10-23 06:30:00, None, None, 0.0
9.0, None, None, 0.0, 3.0, 10.0, 1989-10-23 16:30:00, None, None, 0.0
4.5, None, None, 0.0, 4.0, 9.0, 1989-10-24 06:30:00, None, None, 0.0
7.0, None, None, 0.0, 4.5, 7.5, 1989-10-24 16:30:00, None, None, 0.0
5.0, None, None, 0.0, 4.0, 7.0, 1989-10-25 06:30:00, None, None, 0.0
9.0, None, None, 0.0, 5.0, 10.0, 1989-10-25 16:30:00, None, None, 0.0
6.5, None, None, 0.0, 6.0, 9.0, 1989-10-26 06:30:00, None, None, 0.0
8.0, None, None, None, 6.5, 8.0, 1989-10-26 16:30:00, None, None, None
-4.0, None, None, None, -4.0, 8.0, 1989-10-27 06:30:00, None, None, None
6.5, None, None, 0.0, -4.0, 9.0, 1989-10-27 16:00:00, None, None, 0.0
-4.5, None, None, 0.0, -5.0, 6.5, 1989-10-28 06:30:00, None, None, 0.0
5.5, None, None, 0.0, -4.5, 5.5, 1989-10-28 16:30:00, None, None, 0.0
1.5, None, None, None, -2.0, 5.5, 1989-10-29 06:30:00, None, None, None
1.0, None, None, None, 1.0, 4.0, 1989-10-29 16:30:00, None, None, None
-1.0, None, None, 0.0, -1.0, 1.0, 1989-10-30 06:30:00, None, None, 0.0
2.0, None, None, 0.0, -1.0, 3.0, 1989-10-30 16:30:00, None, None, 0.0
-7.5, None, None, 0.0, -7.5, 2.0, 1989-10-31 06:30:00, None, None, 0.0
3.0, None, None, 0.0, -7.5, 6.0, 1989-10-31 16:15:00, None, None, 0.0
-2.5, None, None, 0.0, -2.5, 3.0, 1989-11-01 06:30:00, None, None, 0.0
5.0, None, None, 0.0, -3.5, 6.0, 1989-11-01 16:15:00, None, None, 0.0
0.0, None, None, 0.0, -0.5, 5.0, 1989-11-02 06:30:00, None, None, 0.0
4.0, None, None, 0.0, 0.0, 5.0, 1989-11-02 16:30:00, None, None, 0.0
4.5, None, None, 0.0, 0.0, 5.0, 1989-11-03 06:30:00, None, None, 0.0
6.0, None, None, 0.0, 4.0, 6.0, 1989-11-03 16:30:00, None, None, 0.0
1.5, None, None, 0.0, 1.0, 6.0, 1989-11-04 07:00:00, None, None, 0.0
6.5, None, None, 0.0, 1.0, 6.5, 1989-11-04 16:00:00, None, None, 0.0
2.5, None, None, 0.0, 1.0, 6.5, 1989-11-05 06:30:00, None, None, 0.0
4.5, None, None, 0.0, 1.0, 5.0, 1989-11-05 18:00:00, None, None, 0.0
-2.5, None, None, 0.0, -4.0, 4.5, 1989-11-06 06:00:00, None, None, 0.0
-0.5, None, None, 0.0, -3.0, 2.5, 1989-11-06 18:00:00, None, None, 0.0
-5.0, None, None, 0.0, -5.5, -0.5, 1989-11-07 06:00:00, None, None, 0.0
0.0, None, None, 0.0, -5.0, 2.0, 1989-11-07 17:00:00, None, None, 0.0
5.0, None, None, 0.0, 0.0, 6.0, 1989-11-08 06:00:00, None, None, 0.0
2.5, None, None, 0.0, 1.5, 6.5, 1989-11-08 17:00:00, None, None, 0.0
4.5, None, None, 0.0, 1.0, 4.5, 1989-11-09 06:00:00, None, None, 0.0
7.0, None, None, 0.0, 4.0, 13.0, 1989-11-09 18:00:00, None, None, 0.0
-1.0, None, None, 0.0, -1.0, 7.0, 1989-11-10 06:00:00, None, None, 0.0
-2.0, None, None, 0.0, -2.0, 6.0, 1989-11-10 17:00:00, None, None, 0.0
-4.0, None, None, 0.0, -6.0, -2.0, 1989-11-11 07:00:00, None, None, 0.0
-5.0, None, None, 0.0, -5.0, 2.0, 1989-11-11 18:00:00, None, None, 0.0
-9.5, None, None, 0.0, -10.0, -5.0, 1989-11-12 06:00:00, None, None, 0.0
-3.0, None, None, 0.0, -10.0, -1.0, 1989-11-12 17:00:00, None, None, 0.0
-1.0, None, None, 0.0, -3.5, 0.0, 1989-11-13 06:00:00, None, None, 0.0
0.5, None, None, 0.0, -2.5, 2.0, 1989-11-13 17:00:00, None, None, 0.0
-10.0, None, None, 1.0, -10.0, 0.5, 1989-11-14 06:00:00, None, None, 1.0
-5.0, None, None, 0.0, -11.0, 2.0, 1989-11-14 17:00:00, None, None, 1.0
-7.0, None, None, 1.0, -9.0, -5.0, 1989-11-15 06:00:00, None, None, 1.0
-1.0, None, None, 3.0, -7.0, -1.0, 1989-11-15 17:00:00, None, None, 3.0
1.0, None, None, 0.0, -1.5, 1.0, 1989-11-16 06:00:00, None, None, 3.0
0.0, None, None, 0.0, 0.0, 4.0, 1989-11-16 17:00:00, None, None, 2.0
-6.0, None, None, 0.0, -7.0, 0.0, 1989-11-17 06:00:00, None, None, 2.0
0.0, None, None, 7.0, -6.0, 1.0, 1989-11-17 17:00:00, None, None, 9.0
2.0, None, None, 0.0, -1.0, 3.5, 1989-11-18 06:00:00, None, None, 35.0
6.0, None, None, 0.0, -2.0, 7.0, 1989-11-18 17:30:00, None, None, 0.0
0.0, None, None, 0.0, 0.0, 6.0, 1989-11-19 06:00:00, None, None, 0.0
-2.5, None, None, 0.0, -2.5, 5.0, 1989-11-19 17:00:00, None, None, 0.0
-6.0, None, None, 0.0, -6.0, -2.5, 1989-11-20 06:00:00, None, None, 0.0
-2.5, None, None, 1.0, -6.0, -2.0, 1989-11-20 17:00:00, None, None, 1.0
-5.0, None, None, 0.0, -7.0, -2.5, 1989-11-21 06:00:00, None, None, 0.0
-4.0, None, None, 0.0, -7.0, 0.0, 1989-11-21 17:00:00, None, None, 0.0
-8.0, None, None, 0.0, -11.5, -4.0, 1989-11-22 06:00:00, None, None, 0.0
-1.5, None, None, 0.0, -10.5, 1.0, 1989-11-22 17:00:00, None, None, 0.0
-1.0, None, None, 1.0, -3.0, -1.0, 1989-11-23 06:00:00, None, None, 2.0
-2.5, None, None, 4.0, -2.5, 1.0, 1989-11-23 17:00:00, None, None, 6.0
-5.5, None, None, 0.0, -5.5, -2.5, 1989-11-24 06:00:00, None, None, 6.0
-6.0, None, None, 0.0, -7.5, -1.5, 1989-11-24 17:50:00, None, None, 6.0
-7.0, None, None, 0.0, -10.0, -6.0, 1989-11-25 06:00:00, None, None, 5.0
-3.5, None, None, 0.0, -7.0, -2.5, 1989-11-25 17:30:00, None, None, 5.0
-5.0, None, None, 0.0, -5.0, -3.5, 1989-11-26 06:00:00, None, None, 5.0
-3.5, None, None, 0.0, -5.0, -2.5, 1989-11-26 17:00:00, None, None, 4.0
-7.5, None, None, 0.0, -8.0, -3.5, 1989-11-27 06:00:00, None, None, 4.0
-0.5, None, None, 0.0, -7.5, 0.0, 1989-11-27 17:00:00, None, None, 4.0
3.0, None, None, 0.0, -1.0, 4.0, 1989-11-28 06:00:00, None, None, 4.0
3.5, None, None, 0.0, 2.5, 6.0, 1989-11-28 17:00:00, None, None, 2.0
3.0, None, None, 0.0, -3.0, 4.5, 1989-11-29 06:00:00, None, None, 2.0
3.0, None, None, 0.0, -1.5, 6.0, 1989-11-29 17:00:00, None, None, 2.0
2.0, None, None, 0.0, -1.5, 4.0, 1989-11-30 06:00:00, None, None, 1.0
-3.0, None, None, 0.0, -3.0, 4.0, 1989-11-30 17:00:00, None, None, 1.0
-3.0, None, None, 0.0, -5.0, -1.0, 1989-12-01 06:00:00, None, None, 1.0
0.0, None, None, 0.0, -3.5, 2.5, 1989-12-01 17:00:00, None, None, 4.0
4.0, None, None, 0.0, -1.0, 5.0, 1989-12-02 06:00:00, None, None, 25.0
-1.0, None, None, 0.0, -4.0, 7.0, 1989-12-02 17:30:00, None, None, 1.0
5.0, None, None, 0.0, -2.5, 8.0, 1989-12-03 06:00:00, None, None, 0.0
6.5, None, None, 0.0, 3.5, 9.0, 1989-12-03 17:00:00, None, None, 0.0
4.0, None, None, 0.0, 1.5, 8.0, 1989-12-04 06:00:00, None, None, 0.0
-1.0, None, None, 0.0, -1.0, 9.0, 1989-12-04 17:00:00, None, None, 0.0
0.0, None, None, 0.0, -3.5, 2.0, 1989-12-05 06:00:00, None, None, 0.0
0.0, None, None, 0.0, -2.5, 2.0, 1989-12-05 17:00:00, None, None, 0.0
-3.0, None, None, 4.0, -3.0, 1.5, 1989-12-06 06:00:00, None, None, 4.0
-4.0, None, None, 0.0, -6.0, 2.0, 1989-12-06 17:00:00, None, None, 4.0
-5.0, None, None, 0.0, -6.0, -3.0, 1989-12-07 06:00:00, None, None, 4.0
-0.5, None, None, 3.0, -5.0, 0.0, 1989-12-07 17:00:00, None, None, 6.0
-3.0, None, None, 0.0, -3.0, 1.0, 1989-12-08 06:00:00, None, None, 6.0
-1.5, None, None, 0.0, -6.0, 1.0, 1989-12-08 17:50:00, None, None, 6.0
-5.0, None, None, 0.0, -11.0, -1.0, 1989-12-09 06:00:00, None, None, 6.0
-2.0, None, None, 0.0, -5.0, 0.0, 1989-12-09 17:30:00, None, None, 6.0
-9.0, None, None, 0.0, -9.0, 0.0, 1989-12-10 06:00:00, None, None, 6.0
-13.0, None, None, 0.0, -14.5, -7.5, 1989-12-10 17:00:00, None, None, 6.0
-5.5, None, None, 0.0, -14.0, -5.0, 1989-12-11 06:00:00, None, None, 6.0
-3.0, None, None, 1.0, -5.5, -3.0, 1989-12-11 17:00:00, None, None, 6.0
-3.5, None, None, 0.0, -4.0, -2.0, 1989-12-12 06:00:00, None, None, 6.0
-1.0, None, None, 0.0, -4.5, 0.0, 1989-12-12 17:00:00, None, None, 6.0
-2.0, None, None, 1.0, -4.0, 0.0, 1989-12-13 06:00:00, None, None, 6.0
-1.0, None, None, 0.0, -3.5, 4.0, 1989-12-13 17:00:00, None, None, 6.0
-5.0, None, None, 0.0, -5.0, 0.0, 1989-12-14 06:00:00, None, None, 6.0
-3.0, None, None, 0.0, -5.0, 0.0, 1989-12-14 17:00:00, None, None, 5.0
-5.0, None, None, 0.0, -6.0, -3.0, 1989-12-15 06:00:00, None, None, 6.0
-2.0, None, None, 0.0, -5.0, -1.0, 1989-12-15 17:50:00, None, None, 6.0
-2.0, None, None, 0.0, -3.5, -0.5, 1989-12-16 06:00:00, None, None, 5.0
-1.5, None, None, 0.0, -2.5, -0.5, 1989-12-16 17:50:00, None, None, 6.0
-3.5, None, None, 1.0, -3.5, 0.0, 1989-12-17 06:00:00, None, None, 7.0
-7.0, None, None, 0.0, -7.0, -2.0, 1989-12-17 17:00:00, None, None, 6.0
-11.0, None, None, 0.0, -12.0, -6.0, 1989-12-18 06:00:00, None, None, 6.0
-7.0, None, None, 0.0, -11.0, -5.0, 1989-12-18 17:00:00, None, None, 6.0
-6.0, None, None, 9.0, -7.0, -5.0, 1989-12-19 06:00:00, None, None, 16.0
-15.0, None, None, 4.0, -15.0, -5.0, 1989-12-19 17:00:00, None, None, 18.0
-20.0, None, None, 4.0, -20.0, -13.0, 1989-12-20 06:00:00, None, None, 21.0
-18.5, None, None, 1.0, -20.5, -17.0, 1989-12-20 17:00:00, None, None, 21.0
-18.0, None, None, 1.0, -19.0, -17.0, 1989-12-21 06:00:00, None, None, 23.0
-10.5, None, None, 3.0, -18.5, -10.0, 1989-12-21 17:00:00, None, None, 23.0
-2.0, None, None, 5.0, -11.0, -1.5, 1989-12-22 06:00:00, None, None, 27.0
0.0, None, None, 0.0, -2.0, 1.5, 1989-12-22 18:00:00, None, None, 24.0
-1.5, None, None, 0.0, -1.5, 2.0, 1989-12-23 06:00:00, None, None, 24.0
0.0, None, None, 0.0, -2.0, 1.0, 1989-12-23 17:50:00, None, None, 22.0
-3.0, None, None, 0.0, -3.0, 4.0, 1989-12-24 06:00:00, None, None, 23.0
0.0, None, None, 0.0, -3.5, 1.0, 1989-12-24 17:00:00, None, None, 23.0
2.0, None, None, 0.0, -0.5, 5.0, 1989-12-25 07:00:00, None, None, 21.0
1.5, None, None, 0.0, 1.5, 6.0, 1989-12-25 17:00:00, None, None, 18.0
-1.0, None, None, 0.0, -3.0, 4.0, 1989-12-26 07:00:00, None, None, 18.0
2.5, None, None, 0.0, -1.5, 4.0, 1989-12-26 17:00:00, None, None, 17.0
0.0, None, None, 0.0, 0.0, 4.0, 1989-12-27 06:00:00, None, None, 16.0
0.0, None, None, 0.0, -0.5, 4.0, 1989-12-27 17:00:00, None, None, 15.0
-1.5, None, None, 0.0, -1.5, 1.0, 1989-12-28 06:00:00, None, None, 15.0
1.0, None, None, 0.0, -2.5, 2.0, 1989-12-28 17:00:00, None, None, 14.0
-3.0, None, None, 0.0, -3.0, 2.0, 1989-12-29 06:00:00, None, None, 14.0
-1.0, None, None, 0.0, -3.0, 0.0, 1989-12-29 17:30:00, None, None, 14.0
1.0, None, None, 6.0, 0.5, 1.0, 1989-12-30 06:00:00, None, None, 20.0
1.0, None, None, 0.0, 0.0, 2.0, 1989-12-30 17:50:00, None, None, 18.0
3.0, None, None, 0.0, 1.0, 4.0, 1989-12-31 06:00:00, None, None, 16.0
0.0, None, None, 0.0, 0.0, 4.0, 1989-12-31 17:00:00, None, None, 17.0
-4.0, None, None, 0.0, -4.0, 2.0, 1990-01-01 06:30:00, None, None, 17.0
-4.5, None, None, 0.0, -5.0, 0.0, 1990-01-01 17:00:00, None, None, 17.0
-8.0, None, None, 0.0, -10.0, -3.5, 1990-01-02 06:00:00, None, None, 17.0
-3.0, None, None, 9.0, -9.0, -3.0, 1990-01-02 18:15:00, None, None, 27.0
-2.0, None, None, 1.0, -4.0, -2.0, 1990-01-03 06:00:00, None, None, 26.0
-1.0, None, None, 9.0, -2.5, 0.0, 1990-01-03 17:00:00, None, None, 35.0
-3.0, None, None, 5.0, -9.0, 0.0, 1990-01-04 06:00:00, None, None, 38.0
-2.0, None, None, 1.0, -5.0, 2.0, 1990-01-04 17:30:00, None, None, 37.0
1.0, None, None, 5.0, -3.0, 1.0, 1990-01-05 06:00:00, None, None, 40.0
0.0, None, None, 2.0, 0.0, 4.0, 1990-01-05 17:00:00, None, None, 34.0
-2.0, None, None, 0.0, -6.0, 1.0, 1990-01-06 06:00:00, None, None, 34.0
2.5, None, None, 0.0, -4.0, 3.0, 1990-01-06 17:00:00, None, None, 34.0
0.0, None, None, 0.0, 0.0, 4.0, 1990-01-07 06:00:00, None, None, 30.0
0.0, None, None, 0.0, -2.0, 5.0, 1990-01-07 17:00:00, None, None, 30.0
-4.0, None, None, 0.0, -8.0, 2.0, 1990-01-08 06:00:00, None, None, 29.0
-1.5, None, None, 0.0, -5.0, 4.0, 1990-01-08 17:00:00, None, None, 30.0
2.0, None, None, 0.0, -5.0, 3.0, 1990-01-09 06:00:00, None, None, 30.0
0.5, None, None, 0.0, 0.5, 6.0, 1990-01-09 17:00:00, None, None, 29.0
-4.5, None, None, 0.0, -6.0, 1.5, 1990-01-10 06:00:00, None, None, 29.0
-5.0, None, None, 0.0, -9.5, 1.0, 1990-01-10 17:00:00, None, None, 28.0
-17.0, None, None, 0.0, -17.0, -4.0, 1990-01-11 06:00:00, None, None, 28.0
-12.0, None, None, 0.0, -19.0, -5.0, 1990-01-11 17:30:00, None, None, 27.0
-8.0, None, None, 3.0, -13.0, -2.0, 1990-01-12 06:00:00, None, None, 29.0
-5.5, None, None, 0.0, -9.0, -3.0, 1990-01-12 17:50:00, None, None, 29.0
-6.0, None, None, 0.0, -14.5, -5.5, 1990-01-13 06:00:00, None, None, 29.0
-2.5, None, None, 1.0, -6.5, -1.0, 1990-01-13 17:30:00, None, None, 30.0
-10.0, None, None, 0.0, -10.0, 0.0, 1990-01-14 06:00:00, None, None, 30.0
-7.5, None, None, 0.0, -11.5, -1.0, 1990-01-14 17:30:00, None, None, 30.0
0.0, None, None, 1.0, -11.0, 0.0, 1990-01-15 06:00:00, None, None, 30.0
0.0, None, None, 0.0, -1.0, 1.0, 1990-01-15 17:00:00, None, None, 31.0
-5.0, None, None, 3.0, -5.0, 0.0, 1990-01-16 06:00:00, None, None, 33.0
-10.0, None, None, 0.0, -10.0, -3.0, 1990-01-16 17:00:00, None, None, 33.0
-22.0, None, None, 0.0, -22.0, -10.0, 1990-01-17 06:00:00, None, None, 33.0
-12.5, None, None, 0.0, -22.5, -5.0, 1990-01-17 17:00:00, None, None, 32.0
-13.0, None, None, 0.0, -17.0, -11.0, 1990-01-18 06:00:00, None, None, 32.0
-7.5, None, None, 0.0, -14.0, -3.0, 1990-01-18 17:00:00, None, None, 32.0
-17.0, None, None, 0.0, -17.5, -7.0, 1990-01-19 06:00:00, None, None, 32.0
-5.5, None, None, 0.0, -18.0, -5.0, 1990-01-19 17:50:00, None, None, 32.0
-5.0, None, None, 0.0, -8.0, -3.0, 1990-01-20 06:00:00, None, None, 32.0
-1.0, None, None, 0.0, -8.0, 0.0, 1990-01-20 17:30:00, None, None, 32.0
-3.0, None, None, 1.0, -3.0, 0.0, 1990-01-21 06:00:00, None, None, 32.0
0.0, None, None, 1.0, -4.0, 2.0, 1990-01-21 17:00:00, None, None, 33.0
0.0, None, None, 2.0, 0.0, 1.0, 1990-01-22 06:00:00, None, None, 34.0
-1.5, None, None, 0.0, -1.5, 5.0, 1990-01-22 17:00:00, None, None, 33.0
-4.0, None, None, 0.0, -4.0, 0.0, 1990-01-23 06:00:00, None, None, 33.0
-4.5, None, None, 0.0, -7.0, 1.0, 1990-01-23 17:00:00, None, None, 33.0
-3.0, None, None, 2.0, -9.0, -3.0, 1990-01-24 06:00:00, None, None, 35.0
-0.5, None, None, 0.0, -5.5, 1.0, 1990-01-24 17:00:00, None, None, 35.0
2.0, None, None, 1.0, -1.0, 3.0, 1990-01-25 06:00:00, None, None, 35.0
1.5, None, None, 0.0, 0.0, 5.0, 1990-01-25 17:00:00, None, None, 35.0
-12.5, None, None, 0.0, -12.5, 2.0, 1990-01-26 06:00:00, None, None, 35.0
-4.0, None, None, 0.0, -16.0, -3.0, 1990-01-26 17:50:00, None, None, 34.0
-4.5, None, None, 1.0, -13.5, -2.0, 1990-01-27 06:00:00, None, None, 35.0
-3.0, None, None, 5.0, -4.5, -0.5, 1990-01-27 17:35:00, None, None, 38.0
-11.0, None, None, 0.0, -15.0, -1.0, 1990-01-28 06:00:00, None, None, 38.0
-3.5, None, None, 6.0, -11.5, -2.0, 1990-01-28 17:00:00, None, None, 44.0
-18.0, None, None, 1.0, -23.0, -3.0, 1990-01-29 06:00:00, None, None, 45.0
-15.5, None, None, 0.0, -18.5, -12.5, 1990-01-29 17:00:00, None, None, 44.0
-22.0, None, None, 0.0, -22.0, -14.0, 1990-01-30 06:00:00, None, None, 44.0
-23.5, None, None, 0.0, -24.0, -21.0, 1990-01-30 17:00:00, None, None, 42.0
-38.0, None, None, 0.0, -39.0, -22.0, 1990-01-31 06:00:00, None, None, 42.0
-26.5, None, None, 0.0, -40.5, -24.0, 1990-01-31 17:00:00, None, None, 42.0
-25.0, None, None, 3.0, -31.0, -25.0, 1990-02-01 06:00:00, None, None, 45.0
-18.0, None, None, 3.0, -25.5, -17.0, 1990-02-01 17:00:00, None, None, 46.0
-10.0, None, None, 1.0, -23.0, -8.0, 1990-02-02 06:00:00, None, None, 47.0
-2.5, None, None, 6.0, -10.5, -1.5, 1990-02-02 17:50:00, None, None, 51.0
-0.5, None, None, 1.0, -4.0, -0.5, 1990-02-03 06:00:00, None, None, 49.0
-1.0, None, None, 1.0, -1.5, 2.0, 1990-02-03 17:35:00, None, None, 49.0
-9.0, None, None, 0.0, -11.0, 0.0, 1990-02-04 06:00:00, None, None, 45.0
-1.0, None, None, 0.0, -15.0, 0.0, 1990-02-04 17:00:00, None, None, 45.0
-1.0, None, None, 1.0, -1.0, 1.0, 1990-02-05 06:00:00, None, None, 47.0
-1.0, None, None, 0.0, -6.0, 6.0, 1990-02-05 17:00:00, None, None, 46.0
-10.0, None, None, 0.0, -11.0, 6.0, 1990-02-06 06:00:00, None, None, 46.0
-2.5, None, None, 0.0, -10.5, 0.0, 1990-02-06 17:00:00, None, None, 45.0
-4.0, None, None, 0.0, -17.0, -2.0, 1990-02-07 06:00:00, None, None, 46.0
-2.0, None, None, 0.0, -5.0, 0.0, 1990-02-07 17:00:00, None, None, 44.0
-20.0, None, None, 0.0, -20.0, -1.5, 1990-02-08 06:00:00, None, None, 45.0
-5.0, None, None, 1.0, -22.0, -4.0, 1990-02-08 17:00:00, None, None, 45.0
-4.0, None, None, 20.0, -6.0, -3.5, 1990-02-09 06:00:00, None, None, 64.0
0.0, None, None, 4.0, -5.5, 2.5, 1990-02-09 17:50:00, None, None, 67.0
-8.0, None, None, 0.0, -8.0, 1.0, 1990-02-10 06:00:00, None, None, 62.0
0.0, None, None, 3.0, -8.5, 1.0, 1990-02-10 17:30:00, None, None, 65.0
-5.0, None, None, 6.0, -5.0, 0.0, 1990-02-11 06:00:00, None, None, 67.0
-6.5, None, None, 0.0, -13.0, -1.0, 1990-02-11 17:00:00, None, None, 63.0
-12.0, None, None, 0.0, -19.0, -5.0, 1990-02-12 06:00:00, None, None, 65.0
-15.5, None, None, 0.0, -15.5, -10.0, 1990-02-12 17:00:00, None, None, 63.0
-33.0, None, None, 0.0, -33.0, -15.0, 1990-02-13 06:00:00, None, None, 64.0
-16.5, None, None, 0.0, -35.0, -12.0, 1990-02-13 17:00:00, None, None, 62.0
-17.0, None, None, 0.0, -24.0, -15.0, 1990-02-14 06:00:00, None, None, 63.0
-10.0, None, None, 9.0, -17.5, -9.0, 1990-02-14 17:00:00, None, None, 70.0
-11.0, None, None, 4.0, -11.0, -8.0, 1990-02-15 06:00:00, None, None, 72.0
-15.5, None, None, 0.0, -15.5, -10.0, 1990-02-15 17:00:00, None, None, 70.0
-29.0, None, None, 1.0, -30.0, -15.0, 1990-02-16 06:00:00, None, None, 70.0
-25.0, None, None, 0.0, -30.0, -21.0, 1990-02-16 17:50:00, None, None, 68.0
-41.0, None, None, 0.0, -48.0, -25.0, 1990-02-17 06:00:00, None, None, 68.0
-17.5, None, None, 0.0, -46.0, -16.0, 1990-02-17 17:30:00, None, None, 67.0
-24.0, None, None, 0.0, -26.0, -15.0, 1990-02-18 06:00:00, None, None, 67.0
-4.5, None, None, 0.0, -24.0, -4.0, 1990-02-18 17:00:00, None, None, 65.0
-6.0, None, None, 0.0, -14.5, -3.5, 1990-02-19 06:00:00, None, None, 64.0
-1.5, None, None, 0.0, -8.0, -1.0, 1990-02-19 17:00:00, None, None, 65.0
0.0, None, None, 0.0, -2.0, 2.0, 1990-02-20 06:00:00, None, None, 60.0
1.0, None, None, 0.0, -1.5, 2.0, 1990-02-20 17:00:00, None, None, 62.0
-2.0, None, None, 0.0, -4.0, 2.0, 1990-02-21 06:00:00, None, None, 62.0
1.0, None, None, 0.0, -3.0, 4.0, 1990-02-21 17:00:00, None, None, 60.0
-7.0, None, None, 0.0, -8.0, 2.5, 1990-02-22 06:00:00, None, None, 60.0
8.5, None, None, 0.0, -8.0, 10.0, 1990-02-22 17:00:00, None, None, 54.0
-10.0, None, None, 0.0, -11.0, 8.5, 1990-02-23 06:00:00, None, None, 54.0
2.0, None, None, 0.0, -11.5, 11.5, 1990-02-23 17:50:00, None, None, 54.0
-1.0, None, None, 0.0, -14.0, 2.0, 1990-02-24 06:00:00, None, None, 54.0
5.5, None, None, 0.0, -2.0, 10.0, 1990-02-24 17:30:00, None, None, 50.0
-10.0, None, None, 0.1, -10.0, 6.0, 1990-02-25 06:00:00, None, None, 50.0
4.0, None, None, 0.0, -10.5, 6.0, 1990-02-25 17:00:00, None, None, 49.0
-9.0, None, None, 0.0, -9.0, 4.0, 1990-02-26 06:00:00, None, None, 50.0
3.0, None, None, 0.0, -11.5, 7.0, 1990-02-26 17:00:00, None, None, 47.0
-15.0, None, None, 0.0, -15.0, 3.0, 1990-02-27 06:00:00, None, None, 50.0
6.5, None, None, 0.0, -15.5, 8.0, 1990-02-27 17:00:00, None, None, 39.0
-1.0, None, None, 0.0, -9.0, 7.0, 1990-02-28 06:00:00, None, None, 50.0
1.5, None, None, 0.0, -5.0, 7.0, 1990-02-28 17:00:00, None, None, 42.0
-9.0, None, None, 0.0, -9.0, 2.0, 1990-03-01 06:00:00, None, None, 50.0
6.0, None, None, 0.0, -10.5, 11.0, 1990-03-01 17:00:00, None, None, 48.0
-13.0, None, None, 0.0, -13.0, 6.0, 1990-03-02 06:00:00, None, None, 49.0
1.5, None, None, 0.0, -14.0, 10.0, 1990-03-02 17:50:00, None, None, 48.0
-14.0, None, None, 0.0, -21.0, 1.5, 1990-03-03 06:00:00, None, None, 45.0
4.0, None, None, 0.0, -16.5, 4.5, 1990-03-03 17:30:00, None, None, 45.0
-12.0, None, None, 0.0, -20.0, 4.0, 1990-03-04 06:00:00, None, None, 45.0
4.0, None, None, 0.0, -12.5, 9.0, 1990-03-04 17:00:00, None, None, 44.0
-3.0, None, None, 0.0, -4.0, 4.0, 1990-03-05 06:00:00, None, None, 47.0
7.5, None, None, 0.0, -6.5, 10.0, 1990-03-05 17:00:00, None, None, 44.0
3.0, None, None, 0.0, 1.0, 8.0, 1990-03-06 06:00:00, None, None, 43.0
4.5, None, None, 0.0, 1.0, 7.0, 1990-03-06 17:00:00, None, None, 40.0
-2.0, None, None, 1.0, -3.0, 6.0, 1990-03-07 06:00:00, None, None, 40.0
0.0, None, None, 6.0, -2.5, 1.0, 1990-03-07 17:00:00, None, None, 45.0
-10.0, None, None, 6.0, -10.0, 1.5, 1990-03-08 06:00:00, None, None, 51.0
1.0, None, None, 0.0, -13.0, 3.0, 1990-03-08 17:00:00, None, None, 49.0
-16.0, None, None, 0.0, -17.0, 2.0, 1990-03-09 06:00:00, None, None, 48.0
2.5, None, None, 0.0, -16.5, 3.5, 1990-03-09 17:50:00, None, None, 48.0
3.0, None, None, 0.0, 2.0, 4.0, 1990-03-10 06:00:00, None, None, 45.0
2.0, None, None, 0.0, 0.0, 8.0, 1990-03-10 18:00:00, None, None, 45.0
-11.0, None, None, 0.1, -11.0, 2.0, 1990-03-11 06:00:00, None, None, 43.0
4.5, None, None, 0.0, -12.0, 6.0, 1990-03-11 17:00:00, None, None, 44.0
-5.0, None, None, 0.0, -8.0, 5.0, 1990-03-12 06:00:00, None, None, 44.0
5.5, None, None, 0.0, -8.5, 7.0, 1990-03-12 17:00:00, None, None, 41.0
-4.0, None, None, 0.0, -6.0, 6.0, 1990-03-13 06:00:00, None, None, 42.0
6.0, None, None, 0.0, -7.0, 7.0, 1990-03-13 17:00:00, None, None, 40.0
3.0, None, None, 0.0, 3.0, 7.0, 1990-03-14 06:00:00, None, None, 42.0
7.5, None, None, 0.0, 1.5, 10.0, 1990-03-14 17:00:00, None, None, 37.0
-3.0, None, None, 0.0, -4.0, 8.0, 1990-03-15 06:00:00, None, None, 39.0
9.5, None, None, 0.0, -3.0, 10.0, 1990-03-15 17:00:00, None, None, 35.0
0.0, None, None, 0.0, 0.0, 10.0, 1990-03-16 06:00:00, None, None, 32.0
2.5, None, None, 0.0, 0.0, 6.5, 1990-03-16 17:50:00, None, None, 33.0
0.0, None, None, 0.0, -1.0, 3.5, 1990-03-17 06:00:00, None, None, 32.0
5.0, None, None, 0.0, -1.0, 7.5, 1990-03-17 17:30:00, None, None, 29.0
0.0, None, None, 0.0, -0.5, 5.5, 1990-03-18 06:00:00, None, None, 29.0
6.0, None, None, 0.0, 0.0, 11.0, 1990-03-18 17:00:00, None, None, 17.0
-1.0, None, None, 0.0, -1.0, 7.0, 1990-03-19 06:00:00, None, None, 22.0
10.5, None, None, 0.0, -1.5, 13.0, 1990-03-19 17:00:00, None, None, 17.0
-2.0, None, None, 0.0, -3.5, 11.0, 1990-03-20 06:00:00, None, None, 15.0
0.0, None, None, 0.0, -3.0, 2.0, 1990-03-20 17:00:00, None, None, 13.0
-5.0, None, None, 1.0, -5.0, 1.0, 1990-03-21 06:00:00, None, None, 15.0
-2.5, None, None, 0.0, -6.5, 0.0, 1990-03-21 17:00:00, None, None, 12.0
-13.0, None, None, 0.0, -13.0, -2.0, 1990-03-22 06:00:00, None, None, 12.0
-1.0, None, None, 0.0, -14.0, 0.0, 1990-03-22 17:00:00, None, None, 10.0
-18.0, None, None, 0.0, -18.0, 0.0, 1990-03-23 06:00:00, None, None, 10.0
1.0, None, None, 0.0, -19.0, 2.0, 1990-03-23 17:00:00, None, None, 10.0
-17.0, None, None, 0.0, -17.0, 1.0, 1990-03-24 06:00:00, None, None, 10.0
5.0, None, None, 0.0, -18.0, 7.0, 1990-03-24 17:00:00, None, None, 10.0
-15.0, None, None, 0.0, -15.0, 5.0, 1990-03-25 06:00:00, None, None, 10.0
10.0, None, None, 0.0, -15.0, 10.0, 1990-03-25 17:00:00, None, None, 10.0
-4.0, None, None, 0.0, -15.0, 10.0, 1990-03-26 06:00:00, None, None, 10.0
11.0, None, None, 0.0, -4.0, 12.0, 1990-03-26 17:00:00, None, None, 7.0
-7.5, None, None, 0.0, -7.5, 11.0, 1990-03-27 06:00:00, None, None, 6.0
10.0, None, None, 0.0, -7.5, 12.0, 1990-03-27 16:30:00, None, None, 4.0
-2.5, None, None, 0.0, -3.0, 12.0, 1990-03-28 06:00:00, None, None, 0.0
12.0, None, None, 0.0, -2.5, 15.0, 1990-03-28 17:00:00, None, None, 0.0
-2.5, None, None, 0.0, -5.0, 15.0, 1990-03-29 06:00:00, None, None, 0.0
8.0, None, None, 0.0, -2.5, 14.0, 1990-03-29 17:00:00, None, None, 0.0
-0.5, None, None, 0.0, -0.5, 8.0, 1990-03-30 06:00:00, None, None, 0.0
8.0, None, None, 0.0, -0.5, 11.0, 1990-03-30 17:45:00, None, None, 0.0
-4.0, None, None, 0.0, -4.0, 9.0, 1990-03-31 06:30:00, None, None, 0.0
11.0, None, None, 0.0, -4.0, 11.0, 1990-03-31 17:00:00, None, None, 0.0
0.0, None, None, 0.0, -5.0, 12.0, 1990-04-01 07:00:00, None, None, 0.0
14.0, None, None, 0.0, 0.0, 14.0, 1990-04-01 17:00:00, None, None, 0.0
2.0, None, None, 0.0, 0.0, 15.0, 1990-04-02 06:45:00, None, None, 0.0
9.0, None, None, 0.0, 2.0, 12.0, 1990-04-02 17:00:00, None, None, 0.0
-4.5, None, None, 0.0, -4.5, 12.0, 1990-04-03 06:30:00, None, None, 0.0
10.0, None, None, 0.0, -4.5, 11.0, 1990-04-03 18:00:00, None, None, 0.0
-6.0, None, None, 0.0, -6.0, 10.0, 1990-04-04 06:30:00, None, None, 0.0
13.0, None, None, 0.0, -6.5, 14.5, 1990-04-04 17:45:00, None, None, 0.0
-5.0, None, None, 0.0, -5.0, 13.5, 1990-04-05 06:45:00, None, None, 0.0
15.0, None, None, 0.0, -5.5, 16.0, 1990-04-05 16:00:00, None, None, 0.0
-6.0, None, None, 0.0, -6.0, 15.0, 1990-04-06 06:30:00, None, None, 0.0
14.0, None, None, 0.0, -6.0, 15.0, 1990-04-06 14:45:00, None, None, 0.0
-6.0, None, None, 0.0, -6.0, 14.0, 1990-04-07 07:00:00, None, None, 0.0
10.0, None, None, 0.0, -6.0, 13.0, 1990-04-07 18:00:00, None, None, 0.0
-3.5, None, None, 0.0, -4.0, 13.0, 1990-04-08 07:00:00, None, None, 0.0
1.0, None, None, 0.0, -4.0, 4.0, 1990-04-08 18:00:00, None, None, 0.0
-6.5, None, None, 0.0, -6.5, 4.0, 1990-04-09 06:30:00, None, None, 0.0
4.0, None, None, 0.0, -7.0, 4.5, 1990-04-09 16:30:00, None, None, 0.0
-10.0, None, None, 0.0, -10.0, 4.5, 1990-04-10 06:30:00, None, None, 0.0
11.0, None, None, 0.0, -10.0, 11.0, 1990-04-10 17:00:00, None, None, 0.0
-5.0, None, None, 0.0, -5.0, 11.0, 1990-04-11 06:30:00, None, None, 0.0
11.0, None, None, 0.0, -5.0, 11.0, 1990-04-11 17:00:00, None, None, 0.0
-5.0, None, None, 0.0, -5.0, 11.0, 1990-04-12 06:30:00, None, None, 0.0
13.0, None, None, 0.0, -5.0, 15.0, 1990-04-12 18:00:00, None, None, 0.0
1.0, None, None, 0.0, 1.0, 13.0, 1990-04-13 07:00:00, None, None, 0.0
13.0, None, None, 0.0, 0.0, 13.5, 1990-04-13 17:15:00, None, None, 0.0
3.0, None, None, 0.0, 3.0, 13.5, 1990-04-14 06:30:00, None, None, 0.0
16.0, None, None, 0.0, 2.5, 16.5, 1990-04-14 17:30:00, None, None, 0.0
-3.0, None, None, 0.0, -3.0, 16.0, 1990-04-15 06:00:00, None, None, 0.0
15.5, None, None, 0.0, -3.0, 17.0, 1990-04-15 17:30:00, None, None, 0.0
-5.0, None, None, 0.0, -5.0, 15.5, 1990-04-16 06:30:00, None, None, 0.0
17.5, None, None, 0.0, -5.5, 20.0, 1990-04-16 18:15:00, None, None, 0.0
-1.5, None, None, 0.0, -1.5, 18.0, 1990-04-17 06:30:00, None, None, 0.0
9.0, None, None, 0.0, -1.5, 14.0, 1990-04-17 18:15:00, None, None, 0.0
-1.0, None, None, 0.0, -1.0, 9.5, 1990-04-18 06:30:00, None, None, 0.0
14.5, None, None, 0.0, -1.5, 15.0, 1990-04-18 17:00:00, None, None, 0.0
3.0, None, None, 0.0, 3.0, 15.0, 1990-04-19 06:30:00, None, None, 0.0
12.5, None, None, 0.0, 2.5, 13.0, 1990-04-19 16:00:00, None, None, 0.0
2.0, None, None, 0.0, 2.0, 13.0, 1990-04-20 06:00:00, None, None, 0.0
15.0, None, None, 0.0, 2.0, 17.0, 1990-04-20 17:00:00, None, None, 0.0
3.0, None, None, 0.0, 3.0, 16.5, 1990-04-21 07:00:00, None, None, 0.0
7.5, None, None, 0.0, 3.0, 12.5, 1990-04-21 18:00:00, None, None, 0.0
4.0, None, None, 0.0, 4.0, 7.5, 1990-04-22 06:30:00, None, None, 0.0
11.0, None, None, 0.0, 4.0, 11.5, 1990-04-22 16:30:00, None, None, 0.0
3.5, None, None, 0.0, 3.5, 12.0, 1990-04-23 06:00:00, None, None, 0.0
13.0, None, None, 0.0, 3.0, 15.0, 1990-04-23 18:00:00, None, None, 0.0
2.0, None, None, 0.0, 2.0, 13.0, 1990-04-24 06:30:00, None, None, 0.0
8.0, None, None, 0.0, 2.0, 10.0, 1990-04-24 17:30:00, None, None, 0.0
-3.0, None, None, 0.0, -3.0, 9.0, 1990-04-25 06:30:00, None, None, 0.0
8.5, None, None, 0.0, -3.0, 11.0, 1990-04-25 18:00:00, None, None, 0.0
0.5, None, None, 0.0, 0.5, 8.0, 1990-04-26 06:30:00, None, None, 0.0
8.5, None, None, 0.0, 0.5, 10.0, 1990-04-26 16:30:00, None, None, 0.0
-2.0, None, None, 0.0, -2.0, 9.0, 1990-04-27 06:30:00, None, None, 0.0
8.5, None, None, 0.0, -2.0, 9.0, 1990-04-27 18:00:00, None, None, 0.0
-2.0, None, None, 0.0, -2.0, 9.0, 1990-04-28 06:00:00, None, None, 0.0
10.0, None, None, 0.0, -2.0, 12.0, 1990-04-28 18:00:00, None, None, 0.0
-4.5, None, None, 0.0, -5.0, 10.0, 1990-04-29 06:30:00, None, None, 0.0
13.0, None, None, 0.0, -5.0, 14.0, 1990-04-29 18:00:00, None, None, 0.0
-3.0, None, None, 0.0, -3.5, 14.0, 1990-04-30 06:30:00, None, None, 0.0
18.0, None, None, 0.0, -4.0, 18.0, 1990-04-30 16:00:00, None, None, 0.0
2.0, None, None, 0.0, 2.0, 18.0, 1990-05-01 06:00:00, None, None, 0.0
9.0, None, None, 0.0, 2.0, 9.0, 1990-05-01 16:00:00, None, None, 0.0
2.5, None, None, 0.0, 1.0, 10.0, 1990-05-02 06:30:00, None, None, 0.0
15.5, None, None, 0.0, 2.5, 16.0, 1990-05-02 15:30:00, None, None, 0.0
5.5, None, None, 0.0, 5.5, 17.0, 1990-05-03 06:30:00, None, None, 0.0
20.5, None, None, 0.0, 5.5, 21.0, 1990-05-03 15:30:00, None, None, 0.0
1.0, None, None, 0.0, 1.0, 21.0, 1990-05-04 06:30:00, None, None, 0.0
22.0, None, None, 0.0, 1.0, 22.0, 1990-05-04 15:30:00, None, None, 0.0
0.2, None, None, 0.0, None, None, 1990-05-07 06:00:00, None, None, 0.0
12.0, None, None, 0.0, -3.0, 13.0, 1990-05-08 15:30:00, None, None, 0.0
4.5, None, None, 0.0, 4.5, 12.0, 1990-05-09 06:00:00, 0.0, None, 0.0
14.0, None, None, 0.0, 3.5, 14.0, 1990-05-09 15:30:00, None, None, 0.0
3.5, None, None, 0.0, 2.5, 14.0, 1990-05-10 06:00:00, None, None, 0.0
14.0, None, None, 0.0, 3.5, 15.0, 1990-05-10 15:30:00, 0.0, None, 0.0
0.0, None, None, 0.0, 0.0, 15.0, 1990-05-11 06:00:00, None, None, 0.0
12.0, None, None, 0.0, 0.0, 12.0, 1990-05-11 16:30:00, None, None, 0.0
-3.0, None, None, 0.0, -4.0, 12.0, 1990-05-12 06:30:00, None, None, 0.0
11.0, None, None, 0.0, -3.0, 13.0, 1990-05-12 18:00:00, None, None, 0.0
-2.0, None, None, 0.0, -4.0, 12.0, 1990-05-13 06:45:00, None, None, 0.0
13.0, None, None, 0.0, -2.0, 14.0, 1990-05-13 18:00:00, None, None, 0.0
-2.0, None, None, 0.0, -2.5, 14.0, 1990-05-14 06:30:00, None, None, 0.0
16.0, None, None, 0.0, -2.0, 16.0, 1990-05-14 16:00:00, None, None, 0.0
-2.0, None, None, 0.0, -3.0, 16.0, 1990-05-15 06:30:00, None, None, 0.0
19.0, None, None, 0.0, -2.0, 19.0, 1990-05-15 16:00:00, None, None, 0.0
3.0, None, None, 0.0, 1.5, 19.0, 1990-05-16 06:30:00, None, None, 0.0
16.0, None, None, 0.0, 3.0, 16.0, 1990-05-16 17:30:00, None, None, 0.0
7.0, None, None, 0.0, 7.0, 16.0, 1990-05-17 06:00:00, None, None, 0.0
10.0, None, None, 0.0, 7.0, 16.0, 1990-05-17 17:30:00, None, None, 0.0
2.0, None, None, 0.0, 1.0, 12.0, 1990-05-18 06:30:00, None, None, 0.0
18.0, None, None, 0.0, 2.0, 18.0, 1990-05-18 16:00:00, None, None, 0.0
4.5, None, None, 0.0, 4.0, 18.0, 1990-05-19 06:30:00, 0.0, None, 0.0
15.0, None, None, 0.0, 4.5, 17.0, 1990-05-19 18:00:00, None, None, 0.0
1.0, None, None, 0.0, 1.0, 15.0, 1990-05-20 06:00:00, None, None, 0.0
15.0, None, None, 0.0, 1.0, 17.0, 1990-05-20 18:00:00, None, None, 0.0
7.0, None, None, 0.0, 7.0, 15.0, 1990-05-21 06:00:00, None, None, 0.0
15.0, None, None, 0.0, 7.0, 15.0, 1990-05-21 18:00:00, None, None, 0.0
3.0, None, None, 0.0, 1.5, 16.0, 1990-05-22 06:30:00, None, None, 0.0
15.0, None, None, 0.0, 3.0, 17.0, 1990-05-22 17:30:00, None, None, 0.0
7.0, None, None, 0.0, 7.0, 16.0, 1990-05-23 06:30:00, None, None, 0.0
17.0, None, None, 0.0, 1.5, 17.0, 1990-05-23 16:00:00, None, None, 0.0
6.0, None, None, 0.0, 5.0, 18.0, 1990-05-24 06:30:00, None, None, 0.0
19.0, None, None, 0.0, 6.0, 20.0, 1990-05-24 16:00:00, None, None, 0.0
10.0, None, None, 0.0, 10.0, 20.0, 1990-05-25 06:30:00, None, None, 0.0
12.0, None, None, 0.0, 10.0, 15.0, 1990-05-25 18:30:00, None, None, 0.0
8.0, None, None, 0.0, 8.0, 12.0, 1990-05-26 06:30:00, None, None, 0.0
20.0, None, None, 0.0, 8.0, 20.0, 1990-05-26 18:00:00, None, None, 0.0
8.0, None, None, 0.0, 6.0, 20.0, 1990-05-27 07:00:00, None, None, 0.0
22.0, None, None, 0.0, 7.0, 22.0, 1990-05-27 16:30:00, None, None, 0.0
11.0, None, None, 0.0, 10.0, 24.0, 1990-05-28 06:30:00, None, None, 0.0
20.0, None, None, 0.0, 11.0, 22.0, 1990-05-28 16:30:00, None, None, 0.0
12.0, None, None, 0.0, 11.0, 20.0, 1990-05-29 06:30:00, None, None, 0.0
15.0, None, None, 0.0, 12.0, 16.0, 1990-05-29 16:30:00, None, None, 0.0
11.0, None, None, 0.0, 10.5, 15.0, 1990-05-30 06:30:00, None, None, 0.0
15.5, None, None, 0.0, 10.5, 16.0, 1990-05-30 16:30:00, None, None, 0.0
11.0, None, None, 0.0, 10.5, 16.0, 1990-05-31 06:30:00, None, None, 0.0
16.5, None, None, 0.0, 10.5, 21.0, 1990-05-31 16:00:00, None, None, 0.0
8.0, None, None, 0.0, 6.5, 17.0, 1990-06-01 06:30:00, None, None, 0.0
5.0, None, None, 0.0, 5.0, 7.0, 1990-10-01 06:30:00, None, None, 0.0
11.0, None, None, 0.0, 4.0, 16.0, 1990-10-01 16:00:00, None, None, 0.0
1.0, None, None, 0.0, 0.0, 11.0, 1990-10-02 06:30:00, None, None, 0.0
12.0, None, None, 0.0, 1.0, 12.0, 1990-10-02 17:00:00, None, None, 0.0
-1.5, None, None, 0.0, -3.0, 12.0, 1990-10-03 06:30:00, None, None, 0.0
4.0, None, None, 0.0, -2.0, 4.0, 1990-10-03 17:00:00, None, None, 0.0
3.0, None, None, 0.0, 2.0, 4.0, 1990-10-04 06:30:00, None, None, 0.0
5.0, None, None, 0.0, 3.0, 5.0, 1990-10-04 16:30:00, None, None, 0.0
-1.0, None, None, 0.0, -1.0, 6.0, 1990-10-05 06:30:00, None, None, 0.0
5.0, None, None, 0.0, -2.0, 5.0, 1990-10-05 16:00:00, None, None, 0.0
-1.0, None, None, 0.0, -3.0, 5.0, 1990-10-06 07:00:00, None, None, 0.0
5.5, None, None, 0.0, -3.0, 6.0, 1990-10-06 16:30:00, None, None, 0.0
2.0, None, None, 0.0, 0.0, 6.0, 1990-10-07 07:30:00, None, None, 0.0
5.0, None, None, 0.0, 2.0, 5.0, 1990-10-07 16:30:00, None, None, 0.0
3.5, None, None, 0.0, 3.5, 5.0, 1990-10-08 07:30:00, None, None, 0.0
8.0, None, None, 0.0, 3.0, 8.0, 1990-10-08 16:00:00, None, None, 0.0
6.5, None, None, 0.0, 6.5, 8.0, 1990-10-09 06:30:00, None, None, 0.0
8.0, None, None, 0.0, 6.5, 8.0, 1990-10-09 16:30:00, None, None, 0.0
0.0, None, None, 0.0, 0.0, 8.0, 1990-10-10 06:30:00, None, None, 0.0
8.0, None, None, 0.0, -0.5, 9.0, 1990-10-10 14:30:00, None, None, 0.0
-4.0, None, None, 0.0, -4.0, 8.0, 1990-10-11 06:30:00, None, None, 0.0
1.5, None, None, 0.0, -4.5, 1.5, 1990-10-11 16:00:00, None, None, 0.0
2.5, None, None, 0.0, 1.0, 2.5, 1990-10-12 06:00:00, None, None, 0.0
8.5, None, None, 0.0, 1.0, 8.5, 1990-10-12 15:30:00, None, None, 0.0
-1.5, None, None, 0.0, -1.5, 8.5, 1990-10-13 06:00:00, None, None, 0.0
6.0, None, None, 0.0, -3.0, 9.0, 1990-10-13 15:30:00, None, None, 0.0
-5.5, None, None, 0.0, -5.5, 6.0, 1990-10-14 06:00:00, None, None, 0.0
7.0, None, None, 0.0, -6.5, 7.0, 1990-10-14 15:30:00, None, None, 0.0
-7.0, None, None, 0.0, -7.0, 7.0, 1990-10-15 06:30:00, None, None, 0.0
6.0, None, None, 0.0, -7.5, 7.0, 1990-10-15 16:30:00, None, None, 0.0
-1.5, None, None, 2.0, -3.0, 7.0, 1990-10-16 06:30:00, None, None, 2.0
6.0, None, None, 0.0, -2.0, 7.0, 1990-10-16 16:30:00, None, None, 0.0
-5.0, None, None, 0.0, -6.0, 6.0, 1990-10-17 06:30:00, None, None, 0.0
3.0, None, None, 0.0, -5.0, 4.0, 1990-10-17 17:00:00, None, None, 0.0
4.0, None, None, 0.0, 3.0, 4.0, 1990-10-18 06:30:00, None, None, 0.0
9.0, None, None, 0.0, 3.0, 9.0, 1990-10-18 16:00:00, None, None, 0.0
-2.0, None, None, 0.0, -3.0, 9.0, 1990-10-19 06:30:00, None, None, 0.0
2.0, None, None, 0.0, -3.5, 2.0, 1990-10-19 16:00:00, None, None, 0.0
-2.0, None, None, 0.0, -3.0, 2.0, 1990-10-20 07:00:00, None, None, 0.0
6.0, None, None, 0.0, -2.0, 7.0, 1990-10-20 17:30:00, None, None, 0.0
3.0, None, None, 0.0, 1.0, 6.0, 1990-10-21 07:00:00, None, None, 0.0
7.0, None, None, 0.0, 2.0, 8.0, 1990-10-21 17:00:00, None, None, 0.0
-2.5, None, None, 0.0, -2.5, 7.0, 1990-10-22 06:30:00, None, None, 0.0
7.0, None, None, 0.0, -3.5, 8.0, 1990-10-22 16:30:00, None, None, 0.0
-4.0, None, None, 0.0, -4.0, 7.0, 1990-10-23 06:30:00, None, None, 0.0
7.0, None, None, 0.0, -4.0, 7.0, 1990-10-23 16:00:00, None, None, 0.0
9.0, None, None, 0.0, 7.0, 9.0, 1990-10-24 06:30:00, None, None, 0.0
10.0, None, None, 0.0, 8.5, 10.5, 1990-10-24 16:00:00, None, None, 0.0
3.0, None, None, 0.0, 2.0, 10.0, 1990-10-25 06:30:00, None, None, 0.0
2.5, None, None, 0.0, 2.0, 3.0, 1990-10-25 17:00:00, None, None, 0.0
0.0, None, None, 0.0, 0.0, 2.5, 1990-10-26 06:30:00, None, None, 0.0
8.0, None, None, 0.0, -2.0, 9.0, 1990-10-26 16:30:00, None, None, 0.0
9.5, None, None, 0.0, 3.5, 9.5, 1990-10-27 07:00:00, None, None, 0.0
14.5, None, None, 0.0, 9.0, 15.0, 1990-10-27 16:30:00, None, None, 0.0
-2.0, None, None, 2.0, -2.5, 14.5, 1990-10-28 06:30:00, None, None, 2.0
2.0, None, None, 0.0, -2.0, 3.0, 1990-10-28 16:30:00, None, None, 0.0
-5.5, None, None, 0.0, -5.5, 2.0, 1990-10-29 06:30:00, None, None, 0.0
0.5, None, None, 0.0, -5.5, 3.0, 1990-10-29 16:30:00, None, None, 0.0
0.0, None, None, 0.0, -1.0, 4.0, 1990-10-30 06:30:00, None, None, 0.0
9.0, None, None, 0.0, 0.0, 10.5, 1990-10-30 16:00:00, None, None, 0.0
0.0, None, None, 0.0, 0.0, 9.0, 1990-10-31 06:30:00, None, None, 0.0
3.5, None, None, 0.0, 0.0, 5.0, 1990-10-31 16:30:00, None, None, 0.0
-6.0, None, None, 0.0, -6.0, 3.5, 1990-11-01 06:30:00, None, None, 0.0
0.5, None, None, 0.0, -6.0, 3.0, 1990-11-01 16:30:00, None, None, 0.0
-8.0, None, None, 0.0, -8.5, 0.5, 1990-11-02 06:30:00, None, None, 0.0
2.0, None, None, 0.0, -8.0, 3.0, 1990-11-02 16:00:00, None, None, 0.0
0.0, None, None, 3.0, -3.0, 2.0, 1990-11-03 06:30:00, None, None, 3.0
2.0, None, None, 0.0, -0.5, 4.0, 1990-11-03 16:30:00, None, None, 0.0
-1.0, None, None, 0.0, -2.0, 2.0, 1990-11-04 06:30:00, None, None, 0.0
0.0, None, None, 0.0, -1.0, 5.0, 1990-11-04 16:30:00, None, None, 0.0
-8.0, None, None, 0.0, -8.0, 0.0, 1990-11-05 06:30:00, None, None, 0.0
-4.0, None, None, 0.0, -9.0, -1.0, 1990-11-05 16:30:00, None, None, 0.0
-6.0, None, None, 0.0, -10.5, -4.0, 1990-11-06 06:30:00, None, None, 0.0
0.5, None, None, 0.0, -6.0, 0.5, 1990-11-06 16:30:00, None, None, 0.0
1.0, None, None, 5.0, -1.0, 1.0, 1990-11-07 06:00:00, None, None, 5.0
3.0, None, None, 0.0, 0.5, 4.0, 1990-11-07 16:30:00, None, None, 0.0
-5.0, None, None, 0.0, -6.0, 3.0, 1990-11-08 06:30:00, None, None, 0.0
-0.5, None, None, 0.0, -6.0, 0.0, 1990-11-08 16:30:00, None, None, 0.0
-2.0, None, None, 5.0, -3.0, -0.5, 1990-11-09 06:30:00, None, None, 5.0
0.5, None, None, 0.0, -2.0, 2.0, 1990-11-09 16:30:00, None, None, 0.0
-6.0, None, None, 0.0, -7.0, 0.0, 1990-11-10 06:30:00, None, None, 0.0
-2.5, None, None, 1.0, -6.0, -2.0, 1990-11-10 16:30:00, None, None, 1.0
-9.0, None, None, 0.0, -9.0, -2.5, 1990-11-11 06:30:00, None, None, 0.0
-10.0, None, None, 6.0, -10.0, -9.0, 1990-11-11 16:30:00, None, None, 15.0
-5.5, None, None, 1.0, -10.0, -5.5, 1990-11-12 06:00:00, None, None, 15.0
1.0, None, None, 0.0, -6.0, 5.0, 1990-11-12 16:30:00, None, None, 12.0
2.0, None, None, 0.0, -2.0, 2.0, 1990-11-13 06:00:00, None, None, 13.0
1.0, None, None, 0.0, -0.5, 3.0, 1990-11-13 16:30:00, None, None, 12.0
-5.0, None, None, 0.0, -7.0, 1.0, 1990-11-14 06:00:00, None, None, 12.0
0.5, None, None, 0.0, -5.0, 1.0, 1990-11-14 16:30:00, None, None, 11.0
-8.0, None, None, 0.0, -9.0, 0.5, 1990-11-15 06:00:00, None, None, 11.0
3.0, None, None, 0.0, -9.0, 3.0, 1990-11-15 16:30:00, None, None, 10.0
4.5, None, None, 0.0, 3.0, 5.0, 1990-11-16 06:00:00, None, None, 10.0
0.0, None, None, 0.0, 0.0, 5.0, 1990-11-16 16:30:00, None, None, 8.0
-1.5, None, None, 4.0, -2.0, 0.0, 1990-11-17 06:00:00, None, None, 12.0
-1.0, None, None, 0.0, -2.0, 0.0, 1990-11-17 16:30:00, None, None, 7.0
-2.0, None, None, 0.0, -2.0, -1.0, 1990-11-18 06:00:00, None, None, 7.0
-1.5, None, None, 10.0, -3.0, -1.5, 1990-11-18 16:30:00, None, None, 17.0
-1.0, None, None, 15.0, -2.0, 0.0, 1990-11-19 06:00:00, None, None, 30.0
-1.0, None, None, 0.0, -1.0, 1.0, 1990-11-19 16:30:00, None, None, 25.0
-18.0, None, None, 9.0, -18.0, -1.0, 1990-11-20 06:30:00, None, None, 35.0
-11.5, None, None, 0.0, -20.0, -11.0, 1990-11-20 16:30:00, None, None, 35.0
-11.0, None, None, 2.0, -13.0, -10.0, 1990-11-21 06:00:00, None, None, 35.0
-4.5, None, None, 0.0, -12.0, -4.5, 1990-11-21 16:30:00, None, None, 35.0
-7.0, None, None, 4.0, -7.0, -1.0, 1990-11-22 06:00:00, None, None, 33.0
-4.0, None, None, 0.0, -9.5, -2.0, 1990-11-22 16:30:00, None, None, 29.0
-10.0, None, None, 10.0, -10.0, -1.0, 1990-11-23 06:00:00, None, None, 37.0
-12.0, None, None, 9.0, -12.0, -10.0, 1990-11-23 16:30:00, None, None, 44.0
-15.0, None, None, 0.0, -19.5, -12.0, 1990-11-24 06:00:00, None, None, 48.0
-18.0, None, None, 0.0, -21.0, -10.0, 1990-11-24 16:30:00, None, None, 47.0
-16.0, None, None, 0.0, -23.0, -16.0, 1990-11-25 06:00:00, None, None, 46.0
-15.0, None, None, 0.0, -16.0, -13.0, 1990-11-25 16:30:00, None, None, 43.0
-15.0, None, None, 0.0, -16.0, -15.0, 1990-11-26 06:00:00, None, None, 38.0
-10.0, None, None, 0.0, -15.0, -10.0, 1990-11-26 16:30:00, None, None, 34.0
-8.0, None, None, 2.0, -10.0, -8.0, 1990-11-27 06:00:00, None, None, 37.0
-5.5, None, None, 0.0, -8.5, -1.0, 1990-11-27 16:30:00, None, None, 37.0
-3.0, None, None, 0.0, -11.0, -3.0, 1990-11-28 07:00:00, None, None, 35.0
0.0, None, None, 0.0, -3.0, 0.0, 1990-11-28 16:30:00, None, None, 34.0
-1.0, None, None, 4.0, -1.0, 3.0, 1990-11-29 06:00:00, None, None, 37.0
-7.0, None, None, 0.0, -10.0, -1.0, 1990-11-29 16:30:00, None, None, 34.0
-17.0, None, None, 1.0, -18.0, -7.0, 1990-11-30 06:00:00, None, None, 35.0
-10.5, None, None, 0.0, -20.0, -10.0, 1990-11-30 16:30:00, None, None, 34.0
-15.0, None, None, 0.0, -17.0, -7.0, 1990-12-01 06:00:00, None, None, 32.0
-8.0, None, None, 0.0, -17.0, -8.0, 1990-12-01 16:30:00, None, None, 34.0
-16.0, None, None, 5.0, -19.0, -8.0, 1990-12-02 05:00:00, None, None, 39.0
-7.0, None, None, 0.0, -16.0, -7.0, 1990-12-02 16:30:00, None, None, 37.0
0.0, None, None, 7.0, -7.0, 0.0, 1990-12-03 06:30:00, None, None, 43.0
5.0, None, None, 0.0, 0.0, 5.0, 1990-12-03 16:30:00, None, None, 37.0
0.0, None, None, 0.0, 0.0, 6.0, 1990-12-04 05:30:00, None, None, 32.0
-2.5, None, None, 0.0, -6.0, -1.0, 1990-12-04 16:30:00, None, None, 31.0
-10.0, None, None, 0.0, -11.0, -2.5, 1990-12-05 06:30:00, None, None, 31.0
1.0, None, None, 0.0, -10.0, 1.0, 1990-12-05 16:30:00, None, None, 30.0
3.0, None, None, 0.0, 1.0, 3.0, 1990-12-06 06:00:00, None, None, 30.0
4.0, None, None, 0.0, 3.0, 4.0, 1990-12-06 16:30:00, None, None, 28.0
4.0, None, None, 0.0, 3.0, 4.0, 1990-12-07 06:30:00, None, None, 27.0
6.0, None, None, 0.0, 4.0, 6.0, 1990-12-07 16:30:00, None, None, 26.0
4.5, None, None, 0.0, 4.5, 6.0, 1990-12-08 05:00:00, None, None, 22.0
0.0, None, None, 0.0, 0.0, 7.0, 1990-12-08 16:30:00, None, None, 17.0
-12.0, None, None, 0.0, -12.0, 0.0, 1990-12-09 06:30:00, None, None, 17.0
-9.0, None, None, 0.0, -12.0, -8.0, 1990-12-09 16:30:00, None, None, 17.0
-9.0, None, None, 0.0, -13.5, -5.0, 1990-12-10 06:30:00, None, None, 17.0
-5.0, None, None, 0.0, -9.0, -5.0, 1990-12-10 16:30:00, None, None, 17.0
-5.0, None, None, 0.0, -5.5, -5.0, 1990-12-11 06:30:00, None, None, 17.0
-5.0, None, None, 0.0, -6.0, -5.0, 1990-12-11 16:30:00, None, None, 15.0
-5.0, None, None, 0.0, -6.0, -5.0, 1990-12-12 06:30:00, None, None, 15.0
-3.5, None, None, 0.0, -7.5, -3.5, 1990-12-12 16:30:00, None, None, 14.0
-5.0, None, None, 0.0, -10.0, -3.5, 1990-12-13 06:30:00, None, None, 15.0
-4.0, None, None, 6.0, -5.5, -4.0, 1990-12-13 16:30:00, None, None, 21.0
-1.0, None, None, 0.0, -4.0, -1.0, 1990-12-14 06:00:00, None, None, 22.0
1.0, None, None, 0.0, -1.0, 1.0, 1990-12-14 16:30:00, None, None, 21.0
-3.5, None, None, 7.0, -4.0, 2.0, 1990-12-15 05:00:00, None, None, 28.0
-10.0, None, None, 0.0, -10.0, -6.0, 1990-12-15 16:30:00, None, None, 25.0
-12.0, None, None, 0.0, -16.0, -10.0, 1990-12-16 05:00:00, None, None, 25.0
-6.0, None, None, 2.0, -12.0, -6.0, 1990-12-16 16:30:00, None, None, 27.0
-4.0, None, None, 16.0, -6.0, -3.0, 1990-12-17 06:30:00, None, None, 39.0
-8.0, None, None, 5.0, -8.0, -5.0, 1990-12-17 16:30:00, None, None, 39.0
-22.0, None, None, 1.0, -22.0, -8.0, 1990-12-18 06:30:00, None, None, 40.0
-21.5, None, None, 0.0, -23.0, -20.0, 1990-12-18 16:30:00, None, None, 34.0
-28.0, None, None, 0.0, -28.0, -21.5, 1990-12-19 06:30:00, None, None, 34.0
-26.0, None, None, 0.0, -28.0, -23.0, 1990-12-19 17:00:00, None, None, 34.0
-40.0, None, None, 0.0, -40.0, -23.0, 1990-12-20 06:30:00, None, None, 34.0
-31.0, None, None, 0.0, -41.0, -31.0, 1990-12-20 16:30:00, None, None, 34.0
-27.0, None, None, 0.0, -36.0, -27.0, 1990-12-21 06:30:00, None, None, 34.0
-21.0, None, None, 0.0, -36.0, -21.0, 1990-12-21 16:30:00, None, None, 34.0
-18.5, None, None, 3.0, -21.0, -18.5, 1990-12-22 06:00:00, None, None, 35.0
-21.0, None, None, 0.0, -21.0, -16.0, 1990-12-22 16:30:00, None, None, 36.0
-15.0, None, None, 0.0, -27.0, -15.0, 1990-12-23 05:00:00, None, None, 35.0
-11.0, None, None, 7.0, -15.0, -5.0, 1990-12-23 16:30:00, None, None, 42.0
-8.5, None, None, 2.0, -9.0, -8.5, 1990-12-24 06:30:00, None, None, 44.0
-9.0, None, None, 0.0, -9.0, -8.0, 1990-12-24 16:00:00, None, None, 42.0
-6.0, None, None, 12.0, -9.0, -6.0, 1990-12-25 07:00:00, None, None, 49.0
-4.5, None, None, 6.0, -6.5, -4.5, 1990-12-25 15:30:00, None, None, 54.0
-4.0, None, None, 8.0, -7.0, -4.0, 1990-12-26 07:00:00, None, None, 56.0
-2.0, None, None, 1.0, -4.0, -2.0, 1990-12-26 16:30:00, None, None, 56.0
-16.0, None, None, 7.0, -16.0, -2.0, 1990-12-27 06:30:00, None, None, 62.0
-24.0, None, None, 0.0, -24.0, -16.0, 1990-12-27 16:30:00, None, None, 62.0
-39.0, None, None, 0.0, -39.0, -24.0, 1990-12-28 07:00:00, None, None, 62.0
-37.0, None, None, 0.0, -43.0, -37.0, 1990-12-28 16:00:00, None, None, 62.0
-27.0, None, None, 0.0, -44.0, -27.0, 1990-12-29 09:00:00, None, None, 62.0
-24.0, None, None, 8.0, -27.0, -23.0, 1990-12-29 16:30:00, None, None, 69.0
-17.0, None, None, 17.0, -23.0, -17.0, 1990-12-30 06:00:00, None, None, 81.0
-13.0, None, None, 9.0, -18.0, -13.0, 1990-12-30 16:30:00, None, None, 88.0
-14.0, None, None, 8.0, -17.5, -11.0, 1990-12-31 06:00:00, None, None, 92.0
-17.0, None, None, 0.0, -17.5, -14.0, 1990-12-31 16:30:00, None, None, 92.0
-20.0, None, None, 0.0, -20.0, -17.0, 1991-01-01 06:30:00, None, None, 88.0
-21.0, None, None, 0.0, -21.0, -20.0, 1991-01-01 16:30:00, None, None, 87.0
-35.0, None, None, 0.0, -37.0, -21.0, 1991-01-02 06:00:00, None, None, 87.0
-26.0, None, None, 0.0, -36.0, -26.0, 1991-01-02 16:00:00, None, None, 87.0
-28.0, None, None, 1.0, -28.0, -25.0, 1991-01-03 06:30:00, None, None, 86.0
-26.5, None, None, 0.0, -31.0, -20.0, 1991-01-03 16:30:00, None, None, 86.0
-29.0, None, None, 1.0, -29.0, -26.0, 1991-01-04 06:30:00, None, None, 82.0
-28.5, None, None, 0.0, -30.0, -26.0, 1991-01-04 16:30:00, None, None, 82.0
-43.0, None, None, 0.0, -43.0, -28.0, 1991-01-05 06:00:00, None, None, 82.0
-31.0, None, None, 0.0, -44.0, -31.0, 1991-01-05 16:30:00, None, None, 83.0
-46.0, None, None, 0.0, -46.0, -31.0, 1991-01-06 05:30:00, None, None, 83.0
-41.0, None, None, 0.0, -47.0, -41.0, 1991-01-06 16:30:00, None, None, 83.0
-47.0, None, None, 0.0, -47.0, -41.0, 1991-01-07 06:00:00, None, None, 79.0
-41.0, None, None, 0.0, -47.0, -41.0, 1991-01-07 16:30:00, None, None, 79.0
-47.5, None, None, 0.0, -47.5, -41.0, 1991-01-08 06:30:00, None, None, 76.0
-35.5, None, None, 0.0, -48.0, -32.0, 1991-01-08 16:30:00, None, None, 76.0
-40.0, None, None, 0.0, -42.5, None, 1991-01-09 06:30:00, None, None, 72.0
-28.0, None, None, 0.0, -40.5, -28.0, 1991-01-09 16:30:00, None, None, 72.0
-22.0, None, None, 2.0, -28.0, -22.0, 1991-01-10 06:30:00, None, None, 75.0
-21.5, None, None, 0.0, -23.0, -19.0, 1991-01-10 16:30:00, None, None, 73.0
-18.0, None, None, 1.0, -23.0, -15.0, 1991-01-11 06:30:00, None, None, 61.0
-13.0, None, None, 0.0, -18.0, -12.0, 1991-01-11 16:30:00, None, None, 68.0
-5.5, None, None, 0.0, -15.5, -5.5, 1991-01-12 06:00:00, None, None, 64.0
2.0, None, None, 0.0, -5.5, 4.0, 1991-01-12 16:30:00, None, None, 65.0
2.0, None, None, 0.0, -3.0, 2.0, 1991-01-13 05:30:00, None, None, 65.0
0.0, None, None, 0.0, -3.0, 2.0, 1991-01-13 16:30:00, None, None, 64.0
-10.0, None, None, 0.0, -10.0, 0.0, 1991-01-14 06:30:00, None, None, 66.0
-3.0, None, None, 1.0, -10.0, -3.0, 1991-01-14 16:30:00, None, None, 65.0
-4.0, None, None, 1.0, -10.5, -3.0, 1991-01-15 06:30:00, None, None, 66.0
-4.0, None, None, 0.0, -5.0, 0.0, 1991-01-15 16:30:00, None, None, 58.0
1.0, None, None, 2.0, -6.0, 1.0, 1991-01-16 06:00:00, None, None, 66.0
0.0, None, None, 2.0, -6.0, 1.0, 1991-01-16 16:30:00, None, None, 64.0
2.0, None, None, 0.0, -1.0, 2.0, 1991-01-17 06:00:00, None, None, 65.0
3.5, None, None, 0.0, 0.0, 3.5, 1991-01-17 16:30:00, None, None, 64.0
-1.5, None, None, 0.0, -1.5, 4.0, 1991-01-18 06:00:00, None, None, 63.0
-1.5, None, None, 0.0, -1.5, 4.0, 1991-01-18 16:30:00, None, None, 62.0
-13.0, None, None, 0.0, -15.5, -1.0, 1991-01-19 06:00:00, None, None, 63.0
-3.0, None, None, 0.0, -14.0, -2.0, 1991-01-19 16:30:00, None, None, 63.0
-20.0, None, None, 0.0, -20.0, -3.0, 1991-01-20 05:30:00, None, None, 60.0
-9.0, None, None, 0.0, -22.0, -9.0, 1991-01-20 16:30:00, None, None, 59.0
-12.0, None, None, 0.0, -17.0, -9.0, 1991-01-21 06:00:00, None, None, 64.0
-7.0, None, None, 0.0, -12.0, -4.0, 1991-01-21 16:30:00, None, None, 59.0
-16.0, None, None, 0.0, -18.0, -7.0, 1991-01-22 06:00:00, None, None, 62.0
-8.5, None, None, 0.0, -17.0, 0.0, 1991-01-22 16:30:00, None, None, 61.0
-17.0, None, None, 0.0, -18.0, -8.5, 1991-01-23 06:00:00, None, None, 63.0
-6.5, None, None, 0.0, -18.0, -6.0, 1991-01-23 16:30:00, None, None, 61.0
-17.5, None, None, 0.0, -19.0, -6.5, 1991-01-24 06:00:00, None, None, 67.0
-5.0, None, None, 0.0, -17.5, -4.0, 1991-01-24 16:30:00, None, None, 66.0
-21.0, None, None, 0.0, -22.0, -5.0, 1991-01-25 06:00:00, None, None, 66.0
-8.5, None, None, 0.0, -24.0, -3.0, 1991-01-25 16:30:00, None, None, 63.0
-15.0, None, None, 0.0, -20.5, -8.5, 1991-01-26 06:30:00, None, None, 64.0
-7.5, None, None, 0.0, -20.5, -7.0, 1991-01-26 16:30:00, None, None, 63.0
-18.0, None, None, 0.0, -19.0, -7.5, 1991-01-27 05:30:00, None, None, 62.0
-6.0, None, None, 0.0, -20.5, -6.0, 1991-01-27 16:30:00, None, None, 62.0
-26.0, None, None, 0.0, -26.0, -6.0, 1991-01-28 06:30:00, None, None, 66.0
-10.0, None, None, 0.0, -29.0, -10.0, 1991-01-28 16:30:00, None, None, 62.0
-10.0, None, None, 0.0, -19.0, -9.0, 1991-01-29 06:00:00, None, None, 65.0
-5.5, None, None, 0.0, -10.5, -5.5, 1991-01-29 16:30:00, None, None, 62.0
-7.0, None, None, 2.0, -8.0, -5.5, 1991-01-30 06:00:00, None, None, 64.0
-4.5, None, None, 12.0, -7.5, -4.5, 1991-01-30 16:30:00, None, None, 76.0
-1.0, None, None, 4.0, -5.0, -1.0, 1991-01-31 06:00:00, None, None, 78.0
3.0, None, None, 0.0, -2.0, 3.0, 1991-01-31 16:30:00, None, None, 74.0
6.0, None, None, 0.0, 2.0, 6.0, 1991-02-01 06:00:00, None, None, 73.0
7.0, None, None, 0.0, 5.0, 8.0, 1991-02-01 16:30:00, None, None, 66.0
5.5, None, None, 0.0, 4.0, 8.0, 1991-02-02 06:00:00, None, None, 55.0
9.0, None, None, 0.0, 1.0, 10.0, 1991-02-02 17:00:00, None, None, 55.0
-1.5, None, None, 0.0, -2.0, 10.0, 1991-02-03 06:00:00, None, None, 54.0
5.0, None, None, 0.0, -5.0, 5.0, 1991-02-03 16:30:00, None, None, 45.0
1.5, None, None, 0.0, 1.5, 7.0, 1991-02-04 06:00:00, None, None, 45.0
10.0, None, None, 0.0, 1.0, 10.0, 1991-02-04 16:30:00, None, None, 38.0
-3.0, None, None, 0.0, -3.0, 10.0, 1991-02-05 06:00:00, None, None, 38.0
5.0, None, None, 0.0, -5.0, 6.0, 1991-02-05 16:30:00, None, None, 36.0
4.0, None, None, 0.0, 1.0, 5.0, 1991-02-06 06:00:00, None, None, 36.0
5.5, None, None, 0.0, 3.0, 6.0, 1991-02-06 16:30:00, None, None, 33.0
5.0, None, None, 0.0, 3.0, 7.0, 1991-02-07 06:00:00, None, None, 32.0
3.0, None, None, 0.0, 1.5, 7.0, 1991-02-07 16:30:00, None, None, 30.0
-5.5, None, None, 0.0, -6.5, 3.0, 1991-02-08 06:00:00, None, None, 30.0
-0.5, None, None, 0.0, -6.0, 0.0, 1991-02-08 16:30:00, None, None, 27.0
-1.0, None, None, 0.0, -1.5, -0.5, 1991-02-09 06:00:00, None, None, 27.0
5.5, None, None, 0.0, -1.5, 6.0, 1991-02-09 16:30:00, None, None, 26.0
-4.0, None, None, 0.0, -4.0, 5.5, 1991-02-10 05:30:00, None, None, 26.0
2.0, None, None, 0.0, -4.0, 2.0, 1991-02-10 16:30:00, None, None, 26.0
-2.0, None, None, 0.0, -3.0, 2.0, 1991-02-11 06:00:00, None, None, 28.0
2.0, None, None, 0.0, -3.0, 2.0, 1991-02-11 16:30:00, None, None, 26.0
0.0, None, None, 0.0, 0.0, 2.0, 1991-02-12 06:00:00, None, None, 26.0
4.0, None, None, 0.0, -0.5, 4.0, 1991-02-12 16:30:00, None, None, 25.0
0.0, None, None, 0.0, -1.0, 4.0, 1991-02-13 06:00:00, None, None, 25.0
1.0, None, None, 0.0, -1.5, 3.0, 1991-02-13 16:30:00, None, None, 24.0
0.5, None, None, 0.0, -0.5, 1.0, 1991-02-14 06:00:00, None, None, 24.0
2.5, None, None, 0.0, 0.0, 4.0, 1991-02-14 16:30:00, None, None, 22.0
0.5, None, None, 0.0, -0.5, 2.5, 1991-02-15 06:00:00, None, None, 22.0
5.0, None, None, 0.0, 0.0, 6.0, 1991-02-15 16:30:00, None, None, 19.0
-1.0, None, None, 0.0, -1.5, 5.0, 1991-02-16 06:00:00, None, None, 19.0
4.0, None, None, 0.0, -3.0, 5.0, 1991-02-16 16:30:00, None, None, 17.0
-2.0, None, None, 4.0, -2.0, 4.0, 1991-02-17 05:30:00, None, None, 21.0
0.0, None, None, 0.0, -5.0, 1.0, 1991-02-17 16:30:00, None, None, 21.0
-4.0, None, None, 1.0, -7.5, 1.0, 1991-02-18 06:00:00, None, None, 24.0
0.0, None, None, 0.0, -4.0, 1.0, 1991-02-18 16:30:00, None, None, 22.0
0.5, None, None, 0.0, 0.0, 1.0, 1991-02-19 06:00:00, None, None, 23.0
1.5, None, None, 0.0, 0.0, 4.0, 1991-02-19 16:30:00, None, None, 19.0
-6.0, None, None, 0.0, -6.0, 1.5, 1991-02-20 06:00:00, None, None, 19.0
2.5, None, None, 0.0, -6.0, 3.0, 1991-02-20 16:30:00, None, None, 19.0
-5.0, None, None, 0.0, -5.0, 2.5, 1991-02-21 06:00:00, None, None, 19.0
2.5, None, None, 0.0, -5.0, 3.0, 1991-02-21 16:30:00, None, None, 19.0
-2.0, None, None, 3.0, -5.0, 2.5, 1991-02-22 06:00:00, None, None, 22.0
3.5, None, None, 0.0, -2.5, 4.0, 1991-02-22 16:30:00, None, None, 19.0
-4.0, None, None, 0.0, -5.5, 5.0, 1991-02-23 06:00:00, None, None, 19.0
4.5, None, None, 0.0, -6.5, 7.0, 1991-02-23 16:30:00, None, None, 18.0
-4.0, None, None, 0.0, -5.5, 4.5, 1991-02-24 06:00:00, None, None, 19.0
4.0, None, None, 0.0, -4.5, 5.0, 1991-02-24 16:30:00, None, None, 19.0
-5.0, None, None, 0.0, -7.0, 4.0, 1991-02-25 06:00:00, None, None, 22.0
5.0, None, None, 0.0, -6.0, 6.0, 1991-02-25 16:30:00, None, None, 21.0
-7.5, None, None, 0.0, -7.5, 5.0, 1991-02-26 06:00:00, None, None, 21.0
8.5, None, None, 0.0, -7.5, 8.5, 1991-02-26 16:30:00, None, None, 18.0
-5.0, None, None, 0.0, -8.0, 8.5, 1991-02-27 06:00:00, None, None, 18.0
8.5, None, None, 0.0, -6.0, 9.0, 1991-02-27 16:30:00, None, None, 15.0
-10.0, None, None, 0.0, -10.0, 9.0, 1991-02-28 06:00:00, None, None, 15.0
-8.5, None, None, 0.0, -11.5, -8.0, 1991-02-28 16:30:00, None, None, 15.0
-18.0, None, None, 0.0, -18.0, -8.5, 1991-03-01 06:00:00, None, None, 15.0
-10.0, None, None, 0.0, -18.5, -10.0, 1991-03-01 16:30:00, None, None, 15.0
-21.0, None, None, 0.0, -21.0, -8.0, 1991-03-02 06:00:00, None, None, 15.0
-10.5, None, None, 0.0, -21.0, -10.5, 1991-03-02 16:30:00, None, None, 15.0
-15.0, None, None, None, -15.0, -10.5, 1991-03-03 05:30:00, None, None, 15.0
-10.0, None, None, 0.1, -15.0, -10.0, 1991-03-03 16:30:00, None, None, 15.0
-17.0, None, None, 0.0, -17.0, -10.0, 1991-03-04 06:00:00, None, None, 12.0
-4.0, None, None, 0.0, -19.0, -4.0, 1991-03-04 16:30:00, None, None, 12.0
-20.0, None, None, 0.0, -20.0, -4.0, 1991-03-05 06:00:00, None, None, 12.0
-5.5, None, None, 1.0, -20.5, -5.5, 1991-03-05 16:30:00, None, None, 14.0
-7.0, None, None, 2.0, -9.5, -5.5, 1991-03-06 06:00:00, None, None, 16.0
0.5, None, None, 0.0, -8.5, 1.0, 1991-03-06 16:30:00, None, None, 14.0
-3.0, None, None, 6.0, -4.0, 0.5, 1991-03-07 06:00:00, None, None, 20.0
4.0, None, None, 0.0, -5.5, 6.0, 1991-03-07 16:30:00, None, None, 13.0
-8.0, None, None, 0.0, -10.0, 4.0, 1991-03-08 06:00:00, None, None, 13.0
3.0, None, None, 0.0, -8.5, 4.0, 1991-03-08 16:30:00, None, None, 13.0
-4.0, None, None, 0.0, -5.0, 5.0, 1991-03-09 06:00:00, None, None, 13.0
0.0, None, None, 0.0, -3.5, 1.0, 1991-03-09 16:30:00, None, None, 13.0
-9.0, None, None, 13.0, -9.0, 0.0, 1991-03-10 05:00:00, None, None, 26.0
-7.0, None, None, 0.0, -11.0, -5.0, 1991-03-10 16:30:00, None, None, 24.0
-15.0, None, None, 0.0, -15.0, -7.0, 1991-03-11 06:00:00, None, None, 23.0
0.0, None, None, 0.0, -16.0, 0.0, 1991-03-11 16:30:00, None, None, 23.0
-6.0, None, None, 0.0, -8.0, 0.0, 1991-03-12 06:00:00, None, None, 19.0
2.0, None, None, 0.0, -6.5, 3.0, 1991-03-12 16:30:00, None, None, 19.0
-18.0, None, None, 0.0, -18.0, 2.0, 1991-03-13 06:00:00, None, None, 15.0
5.0, None, None, 0.0, -18.0, 5.0, 1991-03-13 16:30:00, None, None, 15.0
-11.5, None, None, 0.0, -11.5, 5.0, 1991-03-14 06:00:00, None, None, 12.0
4.0, None, None, 0.0, -12.0, 5.0, 1991-03-14 16:30:00, None, None, 12.0
-13.5, None, None, 0.0, -13.5, 5.0, 1991-03-15 06:00:00, None, None, 12.0
7.0, None, None, 0.0, -15.0, 7.0, 1991-03-15 16:30:00, None, None, 12.0
-10.0, None, None, 0.0, -10.5, 7.0, 1991-03-16 06:00:00, None, None, 12.0
8.5, None, None, 0.0, -10.5, 9.0, 1991-03-16 16:30:00, None, None, 12.0
-10.0, None, None, 0.0, -11.0, 9.0, 1991-03-17 05:30:00, None, None, 12.0
9.0, None, None, 0.0, -11.0, 9.0, 1991-03-17 16:30:00, None, None, 12.0
-9.0, None, None, 0.0, -9.0, 9.0, 1991-03-18 06:00:00, None, None, 12.0
11.0, None, None, 0.0, -9.0, 11.0, 1991-03-18 16:30:00, None, None, 12.0
-7.0, None, None, 0.0, -7.0, 11.0, 1991-03-19 06:00:00, None, None, 12.0
4.5, None, None, 0.0, -8.0, 6.0, 1991-03-19 16:30:00, None, None, 12.0
-4.5, None, None, 0.0, -4.5, 4.5, 1991-03-20 06:00:00, None, None, 10.0
6.0, None, None, 0.0, -5.0, 7.0, 1991-03-20 16:30:00, None, None, 9.0
-4.0, None, None, 0.0, -5.0, 6.0, 1991-03-21 06:00:00, None, None, 6.0
6.5, None, None, 0.0, -5.5, 7.0, 1991-03-21 16:30:00, None, None, 6.0
-2.5, None, None, 7.0, -2.5, 6.5, 1991-03-22 06:00:00, None, None, 7.0
1.5, None, None, 0.0, -3.0, 4.0, 1991-03-22 16:30:00, None, None, 7.0
-11.0, None, None, 0.0, -11.0, 6.0, 1991-03-23 06:00:00, None, None, 7.0
3.5, None, None, 0.0, -11.5, 4.0, 1991-03-23 16:30:00, None, None, 5.0
-12.0, None, None, 0.0, -13.0, 3.5, 1991-03-24 07:00:00, None, None, 0.0
1.0, None, None, 0.0, -12.0, 2.0, 1991-03-24 16:30:00, None, None, 0.0
-8.0, None, None, 0.0, -8.0, 1.0, 1991-03-25 06:30:00, None, None, 0.0
1.0, None, None, 0.0, -8.0, 1.0, 1991-03-25 16:00:00, None, None, 0.0
-14.5, None, None, 0.0, -14.5, 1.0, 1991-03-26 06:30:00, None, None, 0.0
4.0, None, None, 0.0, -14.5, 5.0, 1991-03-26 16:30:00, None, None, 0.0
-10.0, None, None, 0.0, -11.0, 4.0, 1991-03-27 06:30:00, None, None, 0.0
11.0, None, None, 0.0, -11.0, 11.0, 1991-03-27 16:00:00, None, None, 0.0
-2.0, None, None, 0.0, -4.0, 11.0, 1991-03-28 06:30:00, None, None, 0.0
6.5, None, None, 0.0, -2.0, 10.0, 1991-03-28 17:30:00, None, None, 0.0
2.5, None, None, 0.0, -1.0, 6.5, 1991-03-29 07:30:00, None, None, 0.0
6.0, None, None, 0.0, 2.5, 8.0, 1991-03-29 17:00:00, None, None, 0.0
0.0, None, None, 0.0, -1.0, 6.0, 1991-03-30 07:00:00, None, None, 0.0
12.0, None, None, 0.0, 0.0, 14.0, 1991-03-30 17:00:00, None, None, 0.0
0.0, None, None, 0.0, -4.0, 12.0, 1991-03-31 07:45:00, None, None, 0.0
11.0, None, None, 0.0, 0.0, 11.0, 1991-03-31 14:30:00, None, None, 0.0
-1.0, None, None, 0.0, -2.0, 16.0, 1991-04-01 07:30:00, None, None, 0.0
11.0, None, None, 0.0, -1.0, 11.0, 1991-04-01 16:30:00, None, None, 0.0
0.0, None, None, 0.0, -1.0, 11.0, 1991-04-02 06:30:00, None, None, 0.0
6.0, None, None, 0.0, 0.0, 6.0, 1991-04-02 16:30:00, None, None, 0.0
-3.5, None, None, 0.0, -5.0, 6.0, 1991-04-03 06:30:00, None, None, 0.0
9.0, None, None, 0.0, -4.0, 11.0, 1991-04-03 16:30:00, None, None, 0.0
-2.5, None, None, 0.0, -3.0, 9.0, 1991-04-04 06:30:00, None, None, 0.0
9.5, None, None, 0.0, -3.0, 10.0, 1991-04-04 16:00:00, None, None, 0.0
-3.5, None, None, 0.0, -3.5, 9.5, 1991-04-05 06:30:00, None, None, 0.0
8.0, None, None, 0.0, -4.0, 10.0, 1991-04-05 16:00:00, None, None, 0.0
-3.5, None, None, 0.0, -4.5, 8.0, 1991-04-06 06:30:00, None, None, 0.0
9.0, None, None, 0.0, -4.0, 10.0, 1991-04-06 16:30:00, None, None, 0.0
-4.5, None, None, 0.0, -5.0, 9.0, 1991-04-07 07:30:00, None, None, 0.0
3.0, None, None, 0.0, -4.5, 10.0, 1991-04-07 16:30:00, None, None, 0.0
-5.0, None, None, 0.0, -5.0, 3.0, 1991-04-08 06:30:00, None, None, 0.0
9.0, None, None, 0.0, -5.5, 9.0, 1991-04-08 16:00:00, None, None, 0.0
0.0, None, None, 0.0, 0.0, 9.0, 1991-04-09 06:30:00, None, None, 0.0
7.0, None, None, 0.0, -1.0, 8.0, 1991-04-09 16:00:00, None, None, 0.0
-4.0, None, None, 0.0, -4.0, 7.0, 1991-04-10 06:30:00, None, None, 0.0
9.0, None, None, 0.0, -4.5, 9.0, 1991-04-10 16:00:00, None, None, 0.0
-7.0, None, None, 0.0, -7.0, 9.0, 1991-04-11 06:30:00, None, None, 0.0
11.0, None, None, 0.0, -7.0, 12.0, 1991-04-11 16:30:00, None, None, 0.0
-5.0, None, None, 0.0, -5.0, 11.0, 1991-04-12 06:00:00, None, None, 0.0
15.0, None, None, 0.0, -5.0, 16.0, 1991-04-12 16:00:00, None, None, 0.0
1.0, None, None, 0.0, -1.0, 17.0, 1991-04-13 07:00:00, None, None, 0.0
12.0, None, None, 0.0, 1.0, 13.0, 1991-04-13 17:00:00, None, None, 0.0
-2.0, None, None, 0.0, -3.0, 12.0, 1991-04-14 07:00:00, None, None, 0.0
13.0, None, None, 0.0, -2.0, 15.0, 1991-04-14 17:15:00, None, None, 0.0
-4.0, None, None, 0.0, -4.0, 13.0, 1991-04-15 06:30:00, None, None, 0.0
16.0, None, None, 0.0, -4.0, 16.0, 1991-04-15 16:00:00, None, None, 0.0
-4.0, None, None, 0.0, -4.0, 16.0, 1991-04-16 06:30:00, None, None, 0.0
16.0, None, None, 0.0, -5.0, 18.0, 1991-04-16 17:30:00, None, None, 0.0
-4.0, None, None, 0.0, -4.0, 16.0, 1991-04-17 06:30:00, None, None, 0.0
19.0, None, None, 0.0, -5.0, 20.0, 1991-04-17 17:00:00, None, None, 0.0
-4.0, None, None, 0.0, -4.0, 19.0, 1991-04-18 06:30:00, None, None, 0.0
20.0, None, None, 0.0, -4.0, 21.0, 1991-04-18 16:30:00, None, None, 0.0
-3.0, None, None, 0.0, -3.0, 20.0, 1991-04-19 06:30:00, None, None, 0.0
22.0, None, None, 0.0, -3.0, 22.0, 1991-04-19 16:00:00, None, None, 0.0
-2.0, None, None, 0.0, -2.0, 22.0, 1991-04-20 07:00:00, None, None, 0.0
21.0, None, None, 0.0, -2.0, 23.0, 1991-04-20 17:30:00, None, None, 0.0
-1.0, None, None, 0.0, -2.0, 21.0, 1991-04-21 07:00:00, None, None, 0.0
23.0, None, None, 0.0, -1.0, 24.0, 1991-04-21 16:30:00, None, None, 0.0
-1.0, None, None, 0.0, -1.0, 23.0, 1991-04-22 06:30:00, None, None, 0.0
20.0, None, None, 0.0, -2.5, 21.0, 1991-04-22 17:00:00, None, None, 0.0
-1.0, None, None, 0.0, -1.0, 20.0, 1991-04-23 06:30:00, None, None, 0.0
18.0, None, None, 0.0, -1.0, 19.0, 1991-04-23 16:30:00, None, None, 0.0
6.0, None, None, 0.0, 5.0, 18.0, 1991-04-24 06:30:00, None, None, 0.0
6.0, None, None, 0.0, 6.0, 14.0, 1991-04-24 16:30:00, None, None, 0.0
2.0, None, None, 0.0, 2.0, 6.0, 1991-04-25 06:30:00, None, None, 0.0
7.0, None, None, 0.0, 2.0, 8.0, 1991-04-25 16:30:00, None, None, 0.0
2.0, None, None, 0.0, 2.0, 7.0, 1991-04-26 06:30:00, None, None, 0.0
11.0, None, None, 0.0, 2.0, 11.0, 1991-04-26 16:00:00, None, None, 0.0
-2.0, None, None, 0.0, -2.0, 11.0, 1991-04-27 07:00:00, None, None, 0.0
11.0, None, None, 0.0, -2.0, 12.0, 1991-04-27 16:30:00, None, None, 0.0
-1.0, None, None, 0.0, -4.0, 11.0, 1991-04-28 07:30:00, None, None, 0.0
12.0, None, None, 0.0, -1.0, 13.0, 1991-04-28 16:30:00, None, None, 0.0
-2.0, None, None, 0.0, -2.0, 13.0, 1991-04-29 06:15:00, None, None, 0.0
14.0, None, None, 0.0, -3.0, 15.0, 1991-04-29 15:45:00, None, None, 0.0
-4.0, None, None, 0.0, -4.0, 14.0, 1991-04-30 06:15:00, None, None, 0.0
16.0, None, None, 0.0, -4.0, 18.0, 1991-04-30 15:45:00, None, None, 0.0
4.5, None, None, 0.0, 4.0, 5.0, 1991-10-15 06:00:00, None, None, 0.0
6.0, None, None, 0.0, 4.5, 10.0, 1991-10-15 15:00:00, None, None, 0.0
0.0, None, None, 0.0, 0.0, 6.0, 1991-10-16 06:30:00, None, None, 0.0
-1.5, None, None, 0.0, -1.5, 1.0, 1991-10-16 15:30:00, None, None, 0.0
-9.0, None, None, 0.0, -11.0, 0.0, 1991-10-17 06:30:00, None, None, 0.0
3.0, None, None, 0.0, -9.0, 4.0, 1991-10-17 15:30:00, None, None, 0.0
-2.0, None, None, 0.0, -4.0, 3.0, 1991-10-18 06:30:00, None, None, 0.0
1.5, None, None, 0.0, -3.0, 2.0, 1991-10-18 15:30:00, None, None, 0.0
0.0, None, None, 0.0, -2.0, 3.0, 1991-10-19 06:30:00, None, None, 0.0
6.0, None, None, 0.0, 0.0, 7.0, 1991-10-19 15:00:00, None, None, 0.0
3.0, None, None, 0.0, 3.0, 7.0, 1991-10-20 06:30:00, None, None, 0.0
7.0, None, None, 0.0, 3.0, 8.0, 1991-10-20 15:00:00, None, None, 0.0
2.0, None, None, 0.0, 2.0, 8.0, 1991-10-21 06:30:00, None, None, 0.0
0.0, None, None, 0.0, -1.0, 2.0, 1991-10-21 15:00:00, None, None, 0.0
-7.0, None, None, 0.0, -7.0, 0.0, 1991-10-22 06:15:00, None, None, 0.0
-3.0, None, None, 0.0, -8.0, -3.0, 1991-10-22 17:00:00, None, None, 0.0
-9.0, None, None, 0.0, -10.0, -3.0, 1991-10-23 06:30:00, None, None, 0.0
-2.0, None, None, 0.0, -10.0, -2.0, 1991-10-23 16:00:00, None, None, 0.0
-5.0, None, None, 2.0, -5.0, -2.0, 1991-10-24 06:30:00, None, None, 2.0
-2.0, None, None, 0.0, -7.0, -2.0, 1991-10-24 15:40:00, None, None, 1.0
-5.0, None, None, 0.0, -6.0, -3.0, 1991-10-25 06:30:00, None, None, 1.0
-3.0, None, None, 0.0, -6.5, -3.0, 1991-10-25 16:00:00, None, None, 1.0
-12.0, None, None, 0.0, -13.0, -3.0, 1991-10-26 06:45:00, None, None, 1.0
-4.0, None, None, 0.0, -12.0, -4.0, 1991-10-26 15:30:00, None, None, 1.0
-16.0, None, None, 0.0, -16.0, -5.0, 1991-10-27 06:30:00, None, None, 1.0
-9.0, None, None, 0.0, -16.5, -8.0, 1991-10-27 16:30:00, None, None, 1.0
-19.0, None, None, 0.0, -20.0, -9.0, 1991-10-28 06:30:00, None, None, 1.0
-5.0, None, None, 0.0, -19.0, -5.0, 1991-10-28 16:40:00, None, None, 1.0
-20.5, None, None, 0.0, -20.5, -5.0, 1991-10-29 06:30:00, None, None, 0.0
-6.0, None, None, 0.0, -21.0, -6.0, 1991-10-29 16:30:00, None, None, 0.0
-5.0, None, None, 4.0, -9.0, -5.0, 1991-10-30 06:30:00, None, None, 4.0
-5.0, None, None, 10.0, -5.0, -4.0, 1991-10-30 15:45:00, None, None, 14.0
-8.0, None, None, 1.0, -8.0, -3.0, 1991-10-31 06:30:00, None, None, 14.0
-5.0, None, None, 0.0, -9.0, -5.0, 1991-10-31 15:45:00, None, None, 14.0
-25.0, None, None, 0.0, -25.0, -5.0, 1991-11-01 06:30:00, None, None, 12.0
-8.0, None, None, 0.0, -26.0, -8.0, 1991-11-01 16:45:00, None, None, 11.0
-12.5, None, None, 0.0, -17.0, -7.0, 1991-11-02 06:45:00, None, None, 11.0
-3.5, None, None, 0.0, -12.5, -3.5, 1991-11-02 15:45:00, None, None, 10.0
-2.5, None, None, 8.0, -4.0, -1.0, 1991-11-03 06:30:00, None, None, 18.0
-0.5, None, None, 7.0, -3.0, -0.5, 1991-11-03 16:00:00, None, None, 22.0
1.0, None, None, 0.0, -0.5, 1.0, 1991-11-04 06:00:00, None, None, 18.0
1.0, None, None, 0.0, -0.5, 6.0, 1991-11-04 16:45:00, None, None, 14.0
-1.0, None, None, 0.0, -1.5, 3.0, 1991-11-05 06:00:00, None, None, 11.0
0.0, None, None, 0.0, -1.0, 1.0, 1991-11-05 16:00:00, None, None, 11.0
-1.0, None, None, 0.0, -2.0, 1.0, 1991-11-06 05:45:00, None, None, 11.0
1.0, None, None, 0.0, -2.0, 3.0, 1991-11-06 15:45:00, None, None, 9.0
1.5, None, None, 0.0, -0.5, 3.0, 1991-11-07 06:00:00, None, None, 8.0
4.0, None, None, 0.0, 1.0, 4.0, 1991-11-07 16:00:00, None, None, 7.0
-2.0, None, None, 0.0, -2.0, 6.0, 1991-11-08 05:45:00, None, None, 5.0
2.0, None, None, 0.0, -2.0, 4.0, 1991-11-08 16:00:00, None, None, 3.0
1.0, None, None, 0.0, -1.0, 3.0, 1991-11-09 05:30:00, None, None, 3.0
5.5, None, None, 0.0, 1.0, 7.0, 1991-11-09 15:30:00, None, None, 1.0
-1.0, None, None, 0.0, -2.0, 5.0, 1991-11-10 05:45:00, None, None, 0.0
4.0, None, None, 0.0, -1.0, 7.0, 1991-11-10 15:20:00, None, None, 0.0
6.0, None, None, 0.0, 0.5, 6.0, 1991-11-11 07:00:00, None, None, 0.0
10.0, None, None, 0.0, 5.5, 12.0, 1991-11-11 16:30:00, None, None, 0.0
-4.0, None, None, 0.0, -4.0, 10.0, 1991-11-12 06:00:00, None, None, 0.0
4.0, None, None, 0.0, -4.5, 5.0, 1991-11-12 16:30:00, None, None, 0.0
0.0, None, None, 0.0, -3.0, 6.0, 1991-11-13 05:45:00, None, None, 0.0
1.0, None, None, 0.0, 0.0, 5.0, 1991-11-13 16:15:00, None, None, 0.0
-6.0, None, None, 0.0, -6.0, 1.0, 1991-11-14 06:00:00, None, None, 0.0
-1.0, None, None, 0.0, -7.0, 5.0, 1991-11-14 16:15:00, None, None, 0.0
0.0, None, None, 2.0, -4.0, 4.0, 1991-11-15 06:00:00, None, None, 2.0
6.0, None, None, 0.0, -1.0, 6.0, 1991-11-15 16:00:00, None, None, 0.0
-1.0, None, None, 1.0, -1.0, 7.0, 1991-11-16 05:30:00, None, None, 1.0
7.0, None, None, 0.0, -1.0, 8.0, 1991-11-16 15:30:00, None, None, 0.0
6.0, None, None, 0.0, 4.5, 7.0, 1991-11-17 05:00:00, None, None, 0.0
7.0, None, None, 0.0, 4.0, 8.0, 1991-11-17 15:30:00, None, None, 0.0
-2.0, None, None, 0.0, -3.0, 7.0, 1991-11-18 06:00:00, None, None, 0.0
2.0, None, None, 0.0, -2.0, 7.0, 1991-11-18 16:00:00, None, None, 0.0
3.0, None, None, 0.0, -6.0, 5.0, 1991-11-19 06:00:00, None, None, 0.0
4.0, None, None, 0.0, 3.0, 7.0, 1991-11-19 15:30:00, None, None, 0.0
-1.0, None, None, 0.0, -3.0, 4.0, 1991-11-20 05:45:00, None, None, 0.0
-2.0, None, None, 0.0, -3.0, 5.0, 1991-11-20 16:45:00, None, None, 0.0
-6.0, None, None, 0.0, -6.0, -2.0, 1991-11-21 05:45:00, None, None, 0.0
-1.0, None, None, 1.0, -6.0, 3.0, 1991-11-21 15:40:00, None, None, 1.0
-7.0, None, None, 6.0, -7.0, -1.0, 1991-11-22 06:00:00, None, None, 6.0
-6.0, None, None, 0.0, -9.5, 3.0, 1991-11-22 16:00:00, None, None, 0.0
-1.0, None, None, 1.0, -7.0, 2.0, 1991-11-23 05:30:00, None, None, 6.0
2.0, None, None, 0.0, -1.5, 3.0, 1991-11-23 15:30:00, None, None, 5.0
1.0, None, None, 0.0, 1.0, 1.0, 1991-11-24 05:00:00, None, None, 4.0
0.0, None, None, 0.0, -4.0, 3.0, 1991-11-24 15:45:00, None, None, 3.0
-0.5, None, None, 0.0, -0.5, 3.0, 1991-11-25 06:00:00, None, None, 0.0
1.0, None, None, 0.0, -1.0, 5.0, 1991-11-25 15:45:00, None, None, 0.0
-6.0, None, None, 0.0, -6.5, 1.0, 1991-11-26 05:45:00, None, None, 0.0
-3.0, None, None, 0.0, -8.5, 1.0, 1991-11-26 16:00:00, None, None, 0.0
-3.5, None, None, 0.0, -6.0, -2.0, 1991-11-27 05:45:00, None, None, 0.0
0.0, None, None, 0.0, -6.0, 1.0, 1991-11-27 15:30:00, None, None, 0.0
-1.0, None, None, 7.0, -2.0, 1.0, 1991-11-28 05:45:00, None, None, 7.0
1.0, None, None, 0.0, -6.0, 4.0, 1991-11-28 15:30:00, None, None, 5.0
-11.0, None, None, 0.0, -11.0, 1.0, 1991-11-29 05:45:00, None, None, 5.0
-4.5, None, None, 0.0, -13.0, -1.0, 1991-11-29 16:15:00, None, None, 5.0
-4.0, None, None, 7.0, -5.0, -4.0, 1991-11-30 05:30:00, None, None, 10.0
-1.5, None, None, 0.0, -4.5, -1.0, 1991-11-30 15:30:00, None, None, 10.0
0.0, None, None, 5.0, -2.0, 0.0, 1991-12-01 05:00:00, None, None, 12.0
-0.5, None, None, 0.0, -3.0, 3.0, 1991-12-01 15:30:00, None, None, 12.0
-5.0, None, None, 0.0, -8.0, 0.0, 1991-12-02 05:45:00, None, None, 13.0
-2.0, None, None, 2.0, -5.0, -1.0, 1991-12-02 15:30:00, None, None, 15.0
-0.5, None, None, 13.0, -2.0, 0.0, 1991-12-03 06:00:00, None, None, 28.0
1.0, None, None, 0.0, -1.0, 1.0, 1991-12-03 17:00:00, None, None, 25.0
-2.0, None, None, 0.0, -2.5, 2.0, 1991-12-04 05:45:00, None, None, 25.0
0.0, None, None, 0.0, -5.0, 1.0, 1991-12-04 16:15:00, None, None, 25.0
-0.5, None, None, 0.0, -1.0, 2.0, 1991-12-05 05:45:00, None, None, 20.0
3.0, None, None, 0.0, -1.0, 3.0, 1991-12-05 15:30:00, None, None, 14.0
-3.0, None, None, 0.0, -4.5, 3.0, 1991-12-06 06:00:00, None, None, 14.0
-1.0, None, None, 0.0, -7.0, -1.0, 1991-12-06 15:45:00, None, None, 14.0
-4.0, None, None, 1.0, -8.0, -1.0, 1991-12-07 05:30:00, None, None, 14.0
1.0, None, None, 0.0, -4.0, 1.0, 1991-12-07 15:30:00, None, None, 14.0
-9.0, None, None, 1.0, -10.0, 1.0, 1991-12-08 05:00:00, None, None, 15.0
-1.0, None, None, 1.0, -8.5, -1.0, 1991-12-08 15:30:00, None, None, 16.0
-9.0, None, None, 0.0, -9.0, 1.0, 1991-12-09 05:30:00, None, None, 17.0
-0.5, None, None, 0.0, -11.0, 2.0, 1991-12-09 16:15:00, None, None, 15.0
-1.0, None, None, 0.0, -11.0, -1.0, 1991-12-10 05:45:00, None, None, 14.0
1.5, None, None, 0.0, -1.5, 1.5, 1991-12-10 15:30:00, None, None, 14.0
-8.0, None, None, 1.0, -8.0, 2.0, 1991-12-11 05:45:00, None, None, 15.0
-3.0, None, None, 0.0, -10.0, 0.0, 1991-12-11 17:45:00, None, None, 15.0
-1.0, None, None, 2.0, -3.5, -1.0, 1991-12-12 05:45:00, None, None, 18.0
-2.5, None, None, 0.0, -2.5, 1.0, 1991-12-12 15:30:00, None, None, 17.0
-12.5, None, None, 0.0, -17.0, -0.5, 1991-12-13 06:00:00, None, None, 17.0
-5.5, None, None, 3.0, -13.0, -4.5, 1991-12-13 15:30:00, None, None, 19.0
-3.0, None, None, 3.0, -5.5, -3.0, 1991-12-14 05:30:00, None, None, 18.0
-3.0, None, None, 3.0, -3.5, -1.0, 1991-12-14 15:30:00, None, None, 21.0
-3.0, None, None, 0.0, -3.0, -2.0, 1991-12-15 05:00:00, None, None, 19.0
-1.0, None, None, 0.0, -3.0, -1.0, 1991-12-15 15:30:00, None, None, 19.0
-13.0, None, None, 0.0, -13.0, -1.0, 1991-12-16 06:30:00, None, None, 18.0
-5.0, None, None, 0.0, -16.0, -2.5, 1991-12-16 15:30:00, None, None, 18.0
-6.0, None, None, 0.0, -13.5, -4.0, 1991-12-17 06:00:00, None, None, 18.0
-1.5, None, None, 0.0, -8.5, 0.0, 1991-12-17 16:00:00, None, None, 17.0
-5.0, None, None, 0.0, -5.0, 0.5, 1991-12-18 06:00:00, None, None, 17.0
0.0, None, None, 1.0, -7.0, 2.0, 1991-12-18 15:30:00, None, None, 18.0
-10.0, None, None, 2.0, -10.0, 0.0, 1991-12-19 05:45:00, None, None, 20.0
-7.5, None, None, 0.0, -14.0, -2.0, 1991-12-19 15:30:00, None, None, 20.0
-1.5, None, None, 4.0, -10.0, -1.5, 1991-12-20 05:45:00, None, None, 24.0
4.0, None, None, 0.0, -2.0, 5.0, 1991-12-20 16:45:00, None, None, 24.0
-2.5, None, None, 0.0, -2.5, 4.5, 1991-12-21 05:30:00, None, None, 24.0
0.5, None, None, 0.0, -3.0, 4.0, 1991-12-21 15:30:00, None, None, 23.0
-6.0, None, None, 0.0, -7.5, -6.0, 1991-12-22 05:00:00, None, None, 23.0
-1.5, None, None, 0.0, -7.5, -1.5, 1991-12-22 15:30:00, None, None, 23.0
-6.0, None, None, 0.0, -6.5, -1.0, 1991-12-23 05:45:00, None, None, 23.0
-0.5, None, None, 0.0, -8.0, 0.5, 1991-12-23 15:20:00, None, None, 23.0
3.0, None, None, 0.0, -4.0, 4.0, 1991-12-24 06:00:00, None, None, 23.0
5.0, None, None, 0.0, 3.0, 6.0, 1991-12-24 15:30:00, None, None, 22.0
-2.5, None, None, 0.0, -6.0, 5.0, 1991-12-25 06:45:00, None, None, 22.0
3.0, None, None, 0.0, -5.0, 5.0, 1991-12-25 15:30:00, None, None, 22.0
5.5, None, None, 0.0, 0.0, 5.5, 1991-12-26 06:45:00, None, None, 21.0
8.0, None, None, 0.0, 5.0, 9.0, 1991-12-26 15:30:00, None, None, 17.0
1.0, None, None, 0.0, 0.5, 8.0, 1991-12-27 05:45:00, None, None, 15.0
1.0, None, None, 0.0, 1.0, 8.0, 1991-12-27 16:00:00, None, None, 10.0
-3.0, None, None, 0.0, -4.0, 2.0, 1991-12-28 05:30:00, None, None, 12.0
0.0, None, None, 0.0, -5.5, 4.0, 1991-12-28 15:30:00, None, None, 11.0
-8.0, None, None, 0.0, -8.0, -6.0, 1991-12-29 05:00:00, None, None, 11.0
-1.5, None, None, 0.0, -8.5, -1.5, 1991-12-29 15:30:00, None, None, 10.0
-3.0, None, None, 0.0, -8.5, -2.0, 1991-12-30 06:00:00, None, None, 10.0
-2.0, None, None, 0.0, -6.5, 0.0, 1991-12-30 16:00:00, None, None, 8.0
-1.0, None, None, 0.0, -6.5, 0.0, 1991-12-31 05:45:00, None, None, 8.0
4.0, None, None, 0.0, -2.0, 5.0, 1991-12-31 15:30:00, None, None, 8.0
5.0, None, None, 0.0, 4.0, 6.0, 1992-01-01 06:45:00, None, None, 6.0
7.0, None, None, 0.0, 5.0, 8.0, 1992-01-01 15:30:00, None, None, 4.0
1.0, None, None, 0.0, 1.0, 7.0, 1992-01-02 05:45:00, None, None, 0.0
-1.0, None, None, 0.0, -2.0, 4.5, 1992-01-02 16:00:00, None, None, 0.0
-4.0, None, None, 0.0, -4.0, 2.0, 1992-01-03 05:45:00, None, None, 0.0
-1.0, None, None, 0.0, -6.5, 0.0, 1992-01-03 15:15:00, None, None, 0.0
-3.0, None, None, 0.0, -5.5, 0.0, 1992-01-04 05:30:00, None, None, 0.0
-3.0, None, None, 1.0, -3.5, 3.0, 1992-01-04 15:30:00, None, None, 1.0
-3.0, None, None, 1.0, -8.5, -2.0, 1992-01-05 06:00:00, None, None, 1.0
-3.0, None, None, 1.0, -9.0, -1.0, 1992-01-05 15:45:00, None, None, 2.0
-7.0, None, None, 0.0, -7.0, -2.0, 1992-01-06 05:45:00, None, None, 2.0
-6.0, None, None, 0.0, -7.0, -5.0, 1992-01-06 15:30:00, None, None, 2.0
-7.0, None, None, 0.0, -7.0, -6.0, 1992-01-07 05:45:00, None, None, 2.0
-5.0, None, None, 0.0, -7.0, -4.0, 1992-01-07 15:30:00, None, None, 2.0
-4.0, None, None, 0.0, -6.5, -4.0, 1992-01-08 05:45:00, None, None, 2.0
-2.5, None, None, 0.0, -4.5, -2.0, 1992-01-08 15:15:00, None, None, 2.0
1.0, None, None, 3.0, -4.0, 2.0, 1992-01-09 05:45:00, None, None, 4.0
0.0, None, None, 0.0, 0.0, 3.0, 1992-01-09 16:15:00, None, None, 2.0
0.0, None, None, 0.0, -1.0, 4.0, 1992-01-10 05:45:00, None, None, 0.0
0.5, None, None, 0.0, -1.0, 1.0, 1992-01-10 15:30:00, None, None, 0.0
-2.0, None, None, 0.0, -2.0, 2.0, 1992-01-11 05:30:00, None, None, 0.0
1.5, None, None, 0.0, -2.5, 3.0, 1992-01-11 15:30:00, None, None, 0.0
-3.0, None, None, 0.0, -4.0, -3.0, 1992-01-12 05:15:00, None, None, 0.0
-3.0, None, None, 1.0, -4.0, -2.0, 1992-01-12 15:30:00, None, None, 1.0
-1.5, None, None, 6.0, -4.0, -1.0, 1992-01-13 05:45:00, None, None, 8.0
0.0, None, None, 1.0, -1.0, 1.0, 1992-01-13 16:00:00, None, None, 8.0
-2.0, None, None, 2.0, -2.0, 1.0, 1992-01-14 05:45:00, None, None, 8.0
0.0, None, None, 0.0, -4.0, 1.0, 1992-01-14 15:15:00, None, None, 7.0
0.0, None, None, 0.0, -4.0, 4.0, 1992-01-15 05:45:00, None, None, 4.0
0.0, None, None, 2.0, -1.0, 1.0, 1992-01-15 15:15:00, None, None, 6.0
-4.0, None, None, 0.0, -4.0, 1.0, 1992-01-16 05:45:00, None, None, 6.0
-2.0, None, None, 0.0, -4.0, -2.0, 1992-01-16 15:15:00, None, None, 6.0
-5.0, None, None, 1.0, -6.0, -2.0, 1992-01-17 05:45:00, None, None, 7.0
-1.5, None, None, 0.0, -8.5, 0.0, 1992-01-17 15:30:00, None, None, 6.0
-3.0, None, None, 0.0, -7.0, 0.0, 1992-01-18 05:30:00, None, None, 5.0
-1.0, None, None, 0.0, -3.0, 0.0, 1992-01-18 15:15:00, None, None, 5.0
1.0, None, None, 0.0, -1.0, 1.0, 1992-01-19 05:00:00, None, None, 5.0
2.5, None, None, 0.0, -1.0, 2.5, 1992-01-19 15:15:00, None, None, 4.0
0.5, None, None, 0.0, -4.5, 3.0, 1992-01-20 05:15:00, None, None, 4.0
1.0, None, None, 0.0, 0.0, 3.0, 1992-01-20 15:45:00, None, None, 3.0
-1.0, None, None, 0.0, -3.0, 2.0, 1992-01-21 05:45:00, None, None, 3.0
0.0, None, None, 4.0, -1.5, 3.0, 1992-01-21 15:45:00, None, None, 7.0
-3.0, None, None, 5.0, -10.0, 0.0, 1992-01-22 05:45:00, None, None, 10.0
-1.0, None, None, 2.0, -3.5, 0.0, 1992-01-22 15:30:00, None, None, 11.0
-1.0, None, None, 6.0, -4.5, 0.0, 1992-01-23 05:45:00, None, None, 15.0
0.0, None, None, 0.0, -4.5, 1.0, 1992-01-23 15:00:00, None, None, 14.0
-2.0, None, None, 2.0, -2.0, 0.0, 1992-01-24 05:45:00, None, None, 14.0
-2.0, None, None, 0.0, -3.5, 2.0, 1992-01-24 15:45:00, None, None, 12.0
-1.5, None, None, 0.0, -5.5, 0.0, 1992-01-25 05:30:00, None, None, 14.0
0.5, None, None, 0.0, -2.0, 4.0, 1992-01-25 15:30:00, None, None, 12.0
-5.0, None, None, 0.0, -7.0, -5.0, 1992-01-26 05:00:00, None, None, 11.0
4.0, None, None, 0.0, -5.0, 4.0, 1992-01-26 15:30:00, None, None, 11.0
4.0, None, None, 0.0, 3.0, 5.0, 1992-01-27 05:45:00, None, None, 8.0
7.0, None, None, 0.0, 0.0, 8.0, 1992-01-27 15:30:00, None, None, 5.0
4.0, None, None, 0.0, -2.0, 7.0, 1992-01-28 05:45:00, None, None, 5.0
7.5, None, None, 0.0, 3.0, 9.5, 1992-01-28 15:30:00, None, None, 0.0
-2.0, None, None, 0.0, -3.0, 7.5, 1992-01-29 05:45:00, None, None, 0.0
5.5, None, None, 0.0, -4.5, 7.0, 1992-01-29 15:30:00, None, None, 0.0
8.0, None, None, 0.0, 4.0, 9.0, 1992-01-30 05:45:00, None, None, 0.0
9.0, None, None, 0.0, 6.0, 9.0, 1992-01-30 15:15:00, None, None, 0.0
-3.0, None, None, 0.0, -4.0, 9.0, 1992-01-31 05:45:00, None, None, 0.0
-1.0, None, None, 1.0, -4.0, 0.0, 1992-01-31 15:15:00, None, None, 1.0
4.0, None, None, 0.0, -3.0, 6.0, 1992-02-01 05:30:00, None, None, 0.0
6.5, None, None, 0.0, 3.5, 9.0, 1992-02-01 15:15:00, None, None, 0.0
-6.0, None, None, 0.0, -6.0, 6.5, 1992-02-02 05:45:00, None, None, 0.0
6.0, None, None, 0.0, -7.0, 7.0, 1992-02-02 15:45:00, None, None, 0.0
7.0, None, None, 0.0, 6.0, 7.0, 1992-02-03 05:45:00, None, None, 0.0
10.5, None, None, 0.0, 6.5, 12.0, 1992-02-03 16:00:00, None, None, 0.0
7.0, None, None, 0.0, 6.0, 10.0, 1992-02-04 05:45:00, None, None, 0.0
5.5, None, None, 0.0, 3.0, 7.0, 1992-02-04 15:00:00, None, None, 0.0
-6.5, None, None, 0.0, -6.5, 5.5, 1992-02-05 05:45:00, None, None, 0.0
1.0, None, None, 0.0, -6.5, 2.0, 1992-02-05 15:15:00, None, None, 0.0
-1.5, None, None, 0.0, -4.5, 1.0, 1992-02-06 05:45:00, None, None, 0.0
-1.0, None, None, 0.0, -1.5, -1.0, 1992-02-06 15:15:00, None, None, 0.0
-3.0, None, None, 0.0, -3.0, -1.0, 1992-02-07 05:45:00, None, None, 0.0
-3.0, None, None, 0.0, -3.0, -3.0, 1992-02-07 15:30:00, None, None, 0.0
-4.0, None, None, 0.0, -4.0, -1.5, 1992-02-08 05:30:00, None, None, 0.0
-4.0, None, None, 0.0, -4.0, -4.0, 1992-02-08 17:00:00, None, None, 0.0
-3.5, None, None, 0.0, -4.0, -1.5, 1992-02-09 05:30:00, None, None, 0.0
-3.5, None, None, 1.0, -3.5, -2.0, 1992-02-09 13:30:00, None, None, 1.0
-14.0, None, None, 3.0, -14.0, -3.5, 1992-02-10 05:45:00, None, None, 3.0
-12.5, None, None, 0.0, -14.0, -12.5, 1992-02-10 14:30:00, None, None, 0.0
-13.0, None, None, 2.0, -14.0, -12.5, 1992-02-11 05:45:00, None, None, 5.0
-9.5, None, None, 0.0, -13.5, -9.5, 1992-02-11 15:00:00, None, None, 5.0
-10.0, None, None, 0.0, -13.5, -9.0, 1992-02-12 05:45:00, None, None, 5.0
-5.0, None, None, 0.0, -11.0, -5.0, 1992-02-12 13:45:00, None, None, 5.0
-6.0, None, None, 0.0, -10.0, -5.0, 1992-02-13 05:45:00, None, None, 4.0
0.0, None, None, 0.0, -9.0, 0.0, 1992-02-13 13:45:00, None, None, 3.0
-2.0, None, None, 1.0, -4.0, 2.0, 1992-02-14 05:45:00, None, None, 4.0
0.0, None, None, 0.0, -2.5, 0.0, 1992-02-14 13:30:00, None, None, 3.0
0.0, None, None, 0.0, -1.5, 0.0, 1992-02-15 05:30:00, None, None, 0.0
-1.0, None, None, 0.0, -2.0, 1.0, 1992-02-15 13:45:00, None, None, 0.0
-3.0, None, None, 12.0, -3.0, 1.0, 1992-02-16 05:30:00, None, None, 13.0
2.0, None, None, 0.0, -7.0, 4.0, 1992-02-16 13:30:00, None, None, 10.0
-2.5, None, None, 0.0, -2.5, 2.0, 1992-02-17 05:45:00, None, None, 9.0
4.0, None, None, 0.0, -4.0, 5.0, 1992-02-17 15:15:00, None, None, 7.0
-3.0, None, None, 0.0, -7.0, 4.0, 1992-02-18 05:45:00, None, None, 6.0
-8.0, None, None, 4.0, -8.0, -4.0, 1992-02-18 15:30:00, None, None, 10.0
-16.0, None, None, 2.0, -16.0, -8.0, 1992-02-19 05:45:00, None, None, 12.0
-14.0, None, None, 0.0, -16.5, -11.0, 1992-02-19 17:00:00, None, None, 10.0
-17.0, None, None, 0.0, -17.0, -15.0, 1992-02-20 05:45:00, None, None, 10.0
-12.0, None, None, 1.0, -17.5, -11.0, 1992-02-20 15:30:00, None, None, 10.0
-12.0, None, None, 0.0, -13.0, -12.0, 1992-02-21 06:00:00, None, None, 10.0
-9.0, None, None, 8.0, -12.5, -8.0, 1992-02-21 15:30:00, None, None, 18.0
-6.0, None, None, 0.0, -11.0, -4.5, 1992-02-22 05:45:00, None, None, 15.0
5.0, None, None, 0.0, -4.5, 6.5, 1992-02-22 13:45:00, None, None, 13.0
-12.0, None, None, 0.0, -13.5, 1.0, 1992-02-23 05:45:00, None, None, 12.0
3.5, None, None, 0.0, -12.0, 4.5, 1992-02-23 13:45:00, None, None, 12.0
2.0, None, None, 0.0, 0.0, 4.0, 1992-02-24 05:45:00, None, None, 9.0
6.5, None, None, 0.0, 1.5, 7.5, 1992-02-24 15:50:00, None, None, 6.0
4.0, None, None, 0.0, 1.0, 6.5, 1992-02-25 05:45:00, None, None, 4.0
7.0, None, None, 0.0, 3.0, 8.0, 1992-02-25 15:00:00, None, None, 0.0
0.0, None, None, 0.0, -2.0, 7.0, 1992-02-26 05:45:00, None, None, 0.0
9.0, None, None, 0.0, -1.5, 10.0, 1992-02-26 15:15:00, None, None, 0.0
-2.5, None, None, 0.0, -3.5, 9.0, 1992-02-27 05:45:00, None, None, 0.0
11.0, None, None, 0.0, -3.0, 12.5, 1992-02-27 15:30:00, None, None, 0.0
-1.0, None, None, 0.0, -3.0, 11.0, 1992-02-28 05:45:00, None, None, 0.0
10.0, None, None, 0.0, -2.5, 12.0, 1992-02-28 13:45:00, None, None, 0.0
1.5, None, None, 0.0, 1.5, 12.0, 1992-02-29 05:45:00, None, None, 0.0
9.0, None, None, 0.0, 1.0, 10.0, 1992-02-29 13:45:00, None, None, 0.0
-6.0, None, None, 0.0, -6.5, 10.5, 1992-03-01 05:30:00, None, None, 0.0
3.5, None, None, 0.0, -6.0, 5.0, 1992-03-01 13:30:00, None, None, 0.0
-2.0, None, None, 0.0, -4.5, 3.5, 1992-03-02 05:45:00, None, None, 0.0
8.5, None, None, 0.0, -2.5, 9.5, 1992-03-02 15:30:00, None, None, 0.0
-3.0, None, None, 0.0, -4.0, 8.5, 1992-03-03 05:45:00, None, None, 0.0
11.0, None, None, 0.0, -3.5, 11.0, 1992-03-03 13:50:00, None, None, 0.0
-5.0, None, None, 0.0, -5.0, 11.0, 1992-03-04 05:45:00, None, None, 0.0
6.5, None, None, 0.0, -5.0, 8.0, 1992-03-04 15:15:00, None, None, 0.0
-3.5, None, None, 0.0, -5.0, 6.5, 1992-03-05 05:45:00, None, None, 0.0
10.5, None, None, 0.0, -4.0, 12.0, 1992-03-05 15:45:00, None, None, 0.0
-1.5, None, None, 0.0, -2.5, 10.5, 1992-03-06 05:45:00, None, None, 0.0
5.0, None, None, 0.0, -2.0, 10.0, 1992-03-06 15:30:00, None, None, 0.0
-6.0, None, None, 0.0, -6.5, 6.0, 1992-03-07 05:30:00, None, None, 0.0
6.0, None, None, 0.0, -6.5, 7.0, 1992-03-07 13:35:00, None, None, 0.0
-6.5, None, None, 0.0, -6.5, 8.0, 1992-03-08 05:30:00, None, None, 0.0
9.0, None, None, 0.0, -7.0, 10.0, 1992-03-08 13:30:00, None, None, 0.0
-3.5, None, None, 0.0, -5.0, 9.0, 1992-03-09 05:45:00, None, None, 0.0
11.0, None, None, 0.0, -4.0, 12.0, 1992-03-09 13:30:00, None, None, 0.0
-4.0, None, None, 0.0, -4.0, 11.0, 1992-03-10 05:45:00, None, None, 0.0
13.0, None, None, 0.0, -4.5, 14.0, 1992-03-10 15:30:00, None, None, 0.0
-4.0, None, None, 0.0, -4.0, 13.0, 1992-03-11 05:45:00, None, None, 0.0
8.0, None, None, 0.0, -5.0, 9.0, 1992-03-11 15:55:00, None, None, 0.0
-1.0, None, None, 0.0, -1.0, 8.0, 1992-03-12 06:00:00, None, None, 0.0
12.0, None, None, 0.0, -1.0, 12.0, 1992-03-12 13:30:00, None, None, 0.0
-4.0, None, None, 0.0, -4.0, 15.0, 1992-03-13 06:00:00, None, None, 0.0
16.0, None, None, 0.0, -4.0, 16.0, 1992-03-13 13:30:00, None, None, 0.0
-6.5, None, None, 0.0, -6.5, 19.0, 1992-03-14 05:45:00, None, None, 0.0
14.5, None, None, 0.0, -6.5, 16.0, 1992-03-14 13:45:00, None, None, 0.0
-3.5, None, None, 0.0, -3.5, 12.0, 1992-03-15 05:30:00, None, None, 0.0
12.0, None, None, 0.0, -4.0, 13.0, 1992-03-15 13:30:00, None, None, 0.0
-5.5, None, None, 0.0, -5.5, 12.0, 1992-03-16 05:45:00, None, None, 0.0
13.0, None, None, 0.0, -6.0, 14.0, 1992-03-16 15:15:00, None, None, 0.0
-3.0, None, None, 0.0, -3.0, 13.0, 1992-03-17 05:45:00, None, None, 0.0
7.0, None, None, 0.0, -3.5, 8.0, 1992-03-17 15:45:00, None, None, 0.0
-3.0, None, None, 0.0, -3.0, 7.0, 1992-03-18 05:45:00, None, None, 0.0
9.0, None, None, 0.0, -4.0, 10.0, 1992-03-18 15:45:00, None, None, 0.0
0.0, None, None, 0.0, -1.0, 9.0, 1992-03-19 05:45:00, None, None, 0.0
9.0, None, None, 0.0, 0.0, 10.0, 1992-03-19 15:30:00, None, None, 0.0
-6.5, None, None, 0.0, -6.5, 9.0, 1992-03-20 05:45:00, None, None, 0.0
12.5, None, None, 0.0, -6.5, 12.5, 1992-03-20 15:30:00, None, None, 0.0
-6.0, None, None, 0.0, -6.0, 10.5, 1992-03-21 05:45:00, None, None, 0.0
14.0, None, None, 0.0, -6.0, 15.0, 1992-03-21 13:45:00, None, None, 0.0
-5.5, None, None, 0.0, -5.5, 14.5, 1992-03-22 05:30:00, None, None, 0.0
13.5, None, None, 0.0, -5.5, 13.5, 1992-03-22 13:30:00, None, None, 0.0
1.0, None, None, 0.0, -3.0, 13.5, 1992-03-23 05:45:00, None, None, 0.0
9.5, None, None, 0.0, 0.5, 9.5, 1992-03-23 15:45:00, None, None, 0.0
-9.0, None, None, 0.0, -9.0, 9.5, 1992-03-24 05:45:00, None, None, 0.0
10.0, None, None, 0.0, -9.5, 10.0, 1992-03-24 15:15:00, None, None, 0.0
-7.0, None, None, 0.0, -7.0, 10.0, 1992-03-25 05:45:00, None, None, 0.0
15.0, None, None, 0.0, -7.0, 15.0, 1992-03-25 15:15:00, None, None, 0.0
0.0, None, None, 0.0, -1.0, 15.0, 1992-03-26 05:45:00, None, None, 0.0
12.5, None, None, 0.0, -0.5, 12.5, 1992-03-26 15:00:00, None, None, 0.0
-1.0, None, None, 0.0, -1.0, 12.5, 1992-03-27 05:45:00, None, None, 0.0
4.0, None, None, 0.0, -1.0, 4.0, 1992-03-27 15:45:00, None, None, 0.0
-9.0, None, None, 0.0, -9.0, 4.0, 1992-03-28 05:45:00, None, None, 0.0
5.0, None, None, 0.0, -9.0, 5.0, 1992-03-28 13:45:00, None, None, 0.0
-9.0, None, None, 0.0, -9.0, 5.0, 1992-03-29 06:00:00, None, None, 0.0
10.0, None, None, 0.0, -9.0, 10.0, 1992-03-29 15:00:00, None, None, 0.0
-2.0, None, None, 0.0, -4.5, 10.0, 1992-03-30 06:15:00, None, None, 0.0
11.5, None, None, 0.0, -2.5, 11.5, 1992-03-30 15:45:00, None, None, 0.0
0.0, None, None, 0.0, 0.0, 11.5, 1992-03-31 06:00:00, None, None, 0.0
13.0, None, None, 0.0, 0.0, 13.0, 1992-03-31 15:15:00, None, None, 0.0
-1.0, None, None, 0.0, -3.0, 13.0, 1992-04-01 06:00:00, None, None, 0.0
20.0, None, None, 0.0, -1.5, 20.0, 1992-04-01 15:45:00, None, None, 0.0
4.0, None, None, 0.0, 3.0, 4.0, 1992-04-02 06:45:00, None, None, 0.0
22.0, None, None, 0.0, 4.0, 22.0, 1992-04-02 16:15:00, None, None, 0.0
-1.0, None, None, 0.0, -1.0, 22.0, 1992-04-03 06:45:00, None, None, 0.0
9.0, None, None, 0.0, -1.5, 9.0, 1992-04-03 16:00:00, None, None, 0.0
-7.0, None, None, 0.0, -7.0, 9.0, 1992-04-04 06:00:00, None, None, 0.0
7.5, None, None, 0.0, -7.0, 8.0, 1992-04-04 15:30:00, None, None, 0.0
-5.0, None, None, 0.0, -5.0, 7.5, 1992-04-05 06:00:00, None, None, 0.0
7.5, None, None, 0.0, -5.0, 7.5, 1992-04-05 15:30:00, None, None, 0.0
-3.0, None, None, 0.0, -3.0, 7.5, 1992-04-06 06:45:00, None, None, 0.0
7.0, None, None, 0.0, -3.0, 7.0, 1992-04-06 15:45:00, None, None, 0.0
-6.0, None, None, 0.0, -6.0, 7.0, 1992-04-07 06:00:00, None, None, 0.0
8.5, None, None, 0.0, -6.5, 8.5, 1992-04-07 15:45:00, None, None, 0.0
-4.0, None, None, 1.0, -4.0, 8.5, 1992-04-08 06:45:00, None, None, 1.0
4.0, None, None, 0.0, -5.0, 4.0, 1992-04-08 16:00:00, None, None, 0.0
-7.0, None, None, 0.0, -7.0, 4.0, 1992-04-09 06:45:00, None, None, 0.0
0.5, None, None, 0.0, -7.0, 1.0, 1992-04-09 15:45:00, None, None, 0.0
-12.5, None, None, 0.0, -12.5, 0.5, 1992-04-10 06:45:00, None, None, 0.0
4.0, None, None, 0.0, -12.5, 4.0, 1992-04-10 15:15:00, None, None, 0.0
-1.0, None, None, 0.0, -2.0, 11.0, 1992-04-11 07:30:00, None, None, 0.0
11.0, None, None, 0.0, -2.0, 11.0, 1992-04-11 16:00:00, None, None, 0.0
-6.0, None, None, 0.0, -7.0, 11.0, 1992-04-12 07:30:00, None, None, 0.0
16.0, None, None, 0.0, -6.0, 16.0, 1992-04-12 15:45:00, None, None, 0.0
-2.5, None, None, 0.0, -2.5, 16.0, 1992-04-13 06:45:00, None, None, 0.0
17.5, None, None, 0.0, -2.5, 17.5, 1992-04-13 15:45:00, None, None, 0.0
-2.5, None, None, 0.0, -2.5, 17.5, 1992-04-14 06:15:00, None, None, 0.0
15.5, None, None, 0.0, -2.5, 18.5, 1992-04-14 16:15:00, None, None, 0.0
-2.0, None, None, 0.0, -2.0, 15.5, 1992-04-15 06:45:00, None, None, 0.0
12.5, None, None, 0.0, -2.0, 15.0, 1992-04-15 15:45:00, None, None, 0.0
4.0, None, None, 0.0, 3.0, 12.5, 1992-04-16 06:45:00, None, None, 0.0
16.0, None, None, 0.0, 3.5, 18.0, 1992-04-16 15:45:00, None, None, 0.0
4.0, None, None, 0.0, 4.0, 16.0, 1992-04-17 06:45:00, None, None, 0.0
10.0, None, None, 0.0, 3.0, 14.0, 1992-04-17 16:45:00, None, None, 0.0
5.0, None, None, 0.0, 3.5, 10.0, 1992-04-18 07:30:00, None, None, 0.0
14.0, None, None, 0.0, 5.0, 14.0, 1992-04-18 16:00:00, None, None, 0.0
-3.0, None, None, 0.0, -4.0, 14.0, 1992-04-19 06:45:00, None, None, 0.0
16.0, None, None, 0.0, -3.0, 16.0, 1992-04-19 15:45:00, None, None, 0.0
4.0, None, None, 0.0, 3.5, 16.0, 1992-04-20 06:45:00, None, None, 0.0
13.0, None, None, 0.0, 4.0, 14.0, 1992-04-20 15:45:00, None, None, 0.0
-4.0, None, None, 0.0, -4.5, 13.0, 1992-04-21 06:45:00, None, None, 0.0
13.0, None, None, 0.0, -4.0, 13.0, 1992-04-21 15:45:00, None, None, 0.0
-5.0, None, None, 0.0, -5.0, 13.0, 1992-04-22 06:45:00, None, None, 0.0
12.0, None, None, 0.0, -5.0, 14.0, 1992-04-22 15:45:00, None, None, 0.0
-3.0, None, None, 0.0, -4.0, 12.0, 1992-04-23 06:45:00, None, None, 0.0
14.0, None, None, 0.0, -4.0, 14.0, 1992-04-23 16:15:00, None, None, 0.0
-3.0, None, None, 0.0, -4.0, 14.0, 1992-04-24 06:45:00, None, None, 0.0
15.0, None, None, 0.0, -4.0, 15.0, 1992-04-24 15:15:00, None, None, 0.0
5.5, None, None, 0.0, 5.5, 15.0, 1992-04-25 06:45:00, None, None, 0.0
19.0, None, None, 0.0, 5.5, 21.0, 1992-04-25 17:00:00, None, None, 0.0
13.0, None, None, 0.0, 10.0, 21.0, 1992-04-26 06:45:00, None, None, 0.0
19.0, None, None, 0.0, 13.0, 19.0, 1992-04-26 16:30:00, None, None, 0.0
8.0, None, None, 0.0, 7.0, 19.0, 1992-04-27 06:45:00, None, None, 0.0
13.0, None, None, 0.0, 7.0, 13.0, 1992-04-27 16:00:00, None, None, 0.0
0.0, None, None, 0.0, 0.0, 13.0, 1992-04-28 06:45:00, None, None, 0.0
12.5, None, None, 0.0, 0.0, 12.5, 1992-04-28 15:45:00, None, None, 0.0
5.5, None, None, 0.0, 5.5, 12.5, 1992-04-29 06:45:00, None, None, 0.0
9.0, None, None, 0.0, 5.5, 9.0, 1992-04-29 15:45:00, None, None, 0.0
5.0, None, None, 0.0, 5.0, 9.0, 1992-04-30 06:45:00, None, None, 0.0
6.5, None, None, 0.0, 5.0, 10.0, 1992-04-30 15:45:00, None, None, 0.0
-12.0, None, None, 0.0, -12.0, 2.0, 1992-10-15 06:30:00, None, None, 0.0
2.0, None, None, 0.0, -12.0, 2.0, 1992-10-15 16:00:00, None, None, 0.0
-10.5, None, None, 0.0, -10.5, 3.0, 1992-10-16 06:00:00, None, None, 0.0
0.0, None, None, 0.0, -11.0, 0.0, 1992-10-16 16:00:00, None, None, 0.0
-3.0, None, None, 8.0, -3.0, 0.0, 1992-10-17 05:45:00, None, None, 8.0
0.5, None, None, 0.0, -2.5, 1.0, 1992-10-17 15:45:00, None, None, 6.0
0.0, None, None, 0.0, -1.5, 2.0, 1992-10-18 05:45:00, None, None, 0.0
6.0, None, None, 0.0, 0.0, 10.0, 1992-10-18 16:00:00, None, None, 0.0
-1.0, None, None, 0.0, -2.0, 6.0, 1992-10-19 06:00:00, None, None, 0.0
9.0, None, None, 0.0, -1.0, 10.0, 1992-10-19 16:00:00, None, None, 0.0
12.0, None, None, 0.0, 7.0, 12.0, 1992-10-20 05:45:00, None, None, 0.0
10.5, None, None, 0.0, 8.5, 12.0, 1992-10-20 15:45:00, None, None, 0.0
0.0, None, None, 0.0, 0.0, 10.5, 1992-10-21 05:45:00, None, None, 0.0
6.5, None, None, 0.0, 0.0, 7.0, 1992-10-21 15:45:00, None, None, 0.0
1.0, None, None, 0.0, 1.0, 6.5, 1992-10-22 06:00:00, None, None, 0.0
15.0, None, None, 0.0, 0.5, 16.0, 1992-10-22 16:00:00, None, None, 0.0
9.0, None, None, 0.0, 7.5, 15.5, 1992-10-23 05:45:00, None, None, 0.0
17.0, None, None, 0.0, 9.0, 18.5, 1992-10-23 15:45:00, None, None, 0.0
5.5, None, None, 0.0, 5.5, 18.0, 1992-10-24 05:45:00, None, None, 0.0
11.0, None, None, 0.0, 2.5, 12.5, 1992-10-24 16:15:00, None, None, 0.0
-4.0, None, None, 0.0, -4.0, 12.0, 1992-10-25 05:45:00, None, None, 0.0
8.0, None, None, 0.0, -4.5, 10.0, 1992-10-25 16:00:00, None, None, 0.0
3.0, None, None, 0.0, 3.0, 9.0, 1992-10-26 05:50:00, None, None, 0.0
6.5, None, None, 0.0, 3.0, 8.0, 1992-10-26 15:45:00, None, None, 0.0
-4.5, None, None, 0.0, -4.5, 6.5, 1992-10-27 05:45:00, None, None, 0.0
5.0, None, None, 0.0, -5.0, 7.5, 1992-10-27 15:45:00, None, None, 0.0
-1.5, None, None, 0.0, -3.0, 5.0, 1992-10-28 05:45:00, None, None, 0.0
6.0, None, None, 0.0, -2.0, 9.0, 1992-10-28 16:00:00, None, None, 0.0
2.0, None, None, 0.0, 1.0, 7.0, 1992-10-29 05:45:00, None, None, 0.0
4.0, None, None, 0.0, 2.0, 7.0, 1992-10-29 17:15:00, None, None, 0.0
2.0, None, None, 0.0, 2.0, 4.0, 1992-10-30 05:45:00, None, None, 0.0
9.5, None, None, 0.0, 2.0, 10.0, 1992-10-30 15:45:00, None, None, 0.0
-3.0, None, None, 0.0, -3.0, 9.5, 1992-10-31 05:45:00, None, None, 0.0
9.5, None, None, 0.0, -3.5, 11.0, 1992-10-31 15:45:00, None, None, 0.0
3.5, None, None, 0.0, 3.5, 10.5, 1992-11-01 05:45:00, None, None, 0.0
3.5, None, None, 0.0, 2.5, 7.0, 1992-11-01 17:30:00, None, None, 0.0
-3.0, None, None, 0.0, -3.0, 4.5, 1992-11-02 05:30:00, None, None, 0.0
2.5, None, None, 0.0, -3.0, 3.5, 1992-11-02 17:00:00, None, None, 0.0
1.0, None, None, 0.0, 1.0, 2.5, 1992-11-03 05:45:00, None, None, 0.0
2.5, None, None, 0.0, 0.5, 4.0, 1992-11-03 17:45:00, None, None, 0.0
1.0, None, None, 0.0, -1.0, 2.5, 1992-11-04 05:45:00, None, None, 0.0
1.5, None, None, 0.0, 0.0, 4.0, 1992-11-04 17:30:00, None, None, 0.0
1.0, None, None, 0.0, 1.0, 1.5, 1992-11-05 05:45:00, None, None, 0.0
2.0, None, None, 0.0, 0.0, 2.5, 1992-11-05 17:30:00, None, None, 0.0
2.0, None, None, 0.0, 0.0, 2.0, 1992-11-06 05:45:00, None, None, 0.0
2.0, None, None, 0.0, 1.0, 3.5, 1992-11-06 17:30:00, None, None, 0.0
2.0, None, None, 0.0, 1.5, 2.0, 1992-11-07 05:25:00, None, None, 0.0
2.5, None, None, 0.0, 1.5, 2.5, 1992-11-07 17:30:00, None, None, 0.0
-1.5, None, None, 0.0, -2.5, 3.0, 1992-11-08 05:45:00, None, None, 0.0
-1.0, None, None, 3.0, -2.0, 3.0, 1992-11-08 17:30:00, None, None, 0.0
-7.0, None, None, 0.0, -7.0, -1.0, 1992-11-09 05:45:00, None, None, 0.0
-3.0, None, None, 0.0, -7.0, 1.0, 1992-11-09 17:45:00, None, None, 0.0
-1.5, None, None, 2.0, -4.5, 0.0, 1992-11-10 05:30:00, None, None, 2.0
-1.0, None, None, 4.0, -1.5, 0.5, 1992-11-10 17:15:00, None, None, 5.0
-11.0, None, None, 0.0, -11.0, -1.0, 1992-11-11 05:30:00, None, None, 4.0
-4.0, None, None, 0.0, -11.5, 0.0, 1992-11-11 17:00:00, None, None, 3.0
-11.0, None, None, 0.0, -11.5, -4.0, 1992-11-12 05:30:00, None, None, 3.0
-2.0, None, None, 1.0, -11.0, -1.0, 1992-11-12 17:15:00, None, None, 4.0
-0.5, None, None, 6.0, -2.0, 0.0, 1992-11-13 05:30:00, None, None, 8.0
2.0, None, None, 0.0, -1.0, 4.0, 1992-11-13 17:30:00, None, None, 5.0
-1.5, None, None, 0.0, -1.5, 2.0, 1992-11-14 05:30:00, None, None, 5.0
4.0, None, None, 0.0, -2.0, 6.5, 1992-11-14 17:30:00, None, None, 5.0
0.0, None, None, 0.0, -0.5, 4.0, 1992-11-15 05:45:00, None, None, 0.0
2.5, None, None, 0.0, 0.0, 7.0, 1992-11-15 17:30:00, None, None, 0.0
-1.5, None, None, 0.0, -2.5, 2.5, 1992-11-16 05:45:00, None, None, 0.0
2.0, None, None, 0.0, -2.0, 4.0, 1992-11-16 17:30:00, None, None, 0.0
0.0, None, None, 0.0, 0.0, 2.0, 1992-11-17 05:45:00, None, None, 0.0
0.0, None, None, 0.0, 0.0, 1.5, 1992-11-17 17:15:00, None, None, 0.0
-1.5, None, None, 1.0, -2.0, 0.0, 1992-11-18 05:45:00, None, None, 0.0
2.0, None, None, 0.0, -1.5, 4.0, 1992-11-18 17:15:00, None, None, 0.0
3.5, None, None, 0.0, 0.5, 4.0, 1992-11-19 05:45:00, None, None, 0.0
-1.5, None, None, 0.0, -1.5, 6.0, 1992-11-19 17:30:00, None, None, 0.0
0.0, None, None, 0.0, -3.0, 1.5, 1992-11-20 05:45:00, None, None, 0.0
0.0, None, None, 0.0, -1.5, 4.5, 1992-11-20 17:30:00, None, None, 0.0
1.5, None, None, 0.0, -3.0, 3.0, 1992-11-21 05:10:00, None, None, 0.0
-1.0, None, None, 4.0, -1.0, 3.5, 1992-11-21 17:30:00, None, None, 4.0
-7.0, None, None, 1.0, -7.0, 1.0, 1992-11-22 05:45:00, None, None, 5.0
-9.5, None, None, 0.0, -9.5, -1.5, 1992-11-22 17:30:00, None, None, 2.0
-15.0, None, None, 0.0, -15.0, -9.5, 1992-11-23 05:45:00, None, None, 2.0
-9.0, None, None, 0.0, -16.0, -3.0, 1992-11-23 17:15:00, None, None, 2.0
-15.0, None, None, 0.0, -15.0, -9.0, 1992-11-24 05:45:00, None, None, 2.0
-10.0, None, None, 0.0, -15.5, -3.5, 1992-11-24 17:45:00, None, None, 2.0
-14.0, None, None, 0.0, -14.5, -10.0, 1992-11-25 05:45:00, None, None, 2.0
-6.5, None, None, 0.0, -14.5, -1.0, 1992-11-25 17:15:00, None, None, 1.0
-2.5, None, None, 0.0, -11.0, -2.0, 1992-11-26 05:30:00, None, None, 2.0
1.5, None, None, 0.0, -3.0, 3.0, 1992-11-26 17:15:00, None, None, 1.0
-0.5, None, None, 1.0, -0.5, 1.5, 1992-11-27 05:45:00, None, None, 2.0
-1.0, None, None, 1.0, -1.0, 1.0, 1992-11-27 17:30:00, None, None, 3.0
-5.0, None, None, 0.0, -5.0, 0.0, 1992-11-28 04:50:00, None, None, 2.0
-1.0, None, None, 0.0, -7.5, 0.0, 1992-11-28 17:30:00, None, None, 2.0
-2.0, None, None, 0.0, -3.5, 0.5, 1992-11-29 05:45:00, None, None, 2.0
1.0, None, None, 0.0, -2.5, 2.0, 1992-11-29 17:30:00, None, None, 2.0
-2.0, None, None, 0.0, -2.0, 1.0, 1992-11-30 05:30:00, None, None, 2.0
-2.0, None, None, 0.0, -5.0, 4.0, 1992-11-30 17:30:00, None, None, 1.0
-8.5, None, None, 0.0, -8.5, -2.0, 1992-12-01 05:45:00, None, None, 1.0
-7.5, None, None, 0.0, -10.0, 0.0, 1992-12-01 17:30:00, None, None, 1.0
-14.0, None, None, 0.0, -14.5, -7.5, 1992-12-02 05:45:00, None, None, 1.0
-11.0, None, None, 0.0, -14.5, -4.5, 1992-12-02 17:30:00, None, None, 1.0
-16.5, None, None, 0.0, -16.5, -11.0, 1992-12-03 05:45:00, None, None, 1.0
-11.5, None, None, 0.0, -16.5, -6.0, 1992-12-03 17:30:00, None, None, 1.0
-7.5, None, None, 0.0, -15.0, -7.5, 1992-12-04 05:45:00, None, None, 1.0
-4.5, None, None, 0.0, -8.0, -3.0, 1992-12-04 17:30:00, None, None, 1.0
-14.0, None, None, 0.0, -14.0, -3.0, 1992-12-05 05:05:00, None, None, 1.0
-12.5, None, None, 0.0, -16.0, -5.5, 1992-12-05 17:30:00, None, None, 1.0
-11.5, None, None, 0.0, -14.5, -9.0, 1992-12-06 05:45:00, None, None, 1.0
-6.5, None, None, 0.0, -12.5, 1.0, 1992-12-06 17:30:00, None, None, 1.0
-8.0, None, None, 1.0, -12.0, -5.0, 1992-12-07 05:45:00, None, None, 2.0
-7.5, None, None, 0.0, -12.0, -3.0, 1992-12-07 17:15:00, None, None, 2.0
-10.0, None, None, 0.0, -14.0, -7.5, 1992-12-08 05:45:00, None, None, 2.0
0.0, None, None, 0.0, -10.5, 2.5, 1992-12-08 17:30:00, None, None, 2.0
-1.0, None, None, 1.0, -4.0, 0.0, 1992-12-09 05:45:00, None, None, 3.0
-1.5, None, None, 1.0, -4.5, 2.0, 1992-12-09 17:30:00, None, None, 3.0
-15.0, None, None, 0.0, -15.0, -1.5, 1992-12-10 05:45:00, None, None, 3.0
-12.0, None, None, 0.0, -16.5, -7.0, 1992-12-10 17:30:00, None, None, 3.0
-13.0, None, None, 0.0, -15.5, -12.0, 1992-12-11 05:45:00, None, None, 3.0
-10.0, None, None, 0.1, -15.0, -8.5, 1992-12-11 17:30:00, None, None, 3.0
-9.0, None, None, 0.0, -10.5, -8.0, 1992-12-12 05:45:00, None, None, 3.0
-6.5, None, None, 0.0, -9.5, -4.5, 1992-12-12 17:30:00, None, None, 3.0
-4.0, None, None, 10.0, -7.0, -4.0, 1992-12-13 05:30:00, None, None, 13.0
-0.5, None, None, 4.0, -4.0, 2.0, 1992-12-13 17:30:00, None, None, 19.0
-6.0, None, None, 1.0, -7.0, 0.5, 1992-12-14 05:45:00, None, None, 19.0
-4.5, None, None, 0.0, -6.5, 0.0, 1992-12-14 17:00:00, None, None, 19.0
-12.0, None, None, 0.0, -12.5, -4.5, 1992-12-15 05:45:00, None, None, 19.0
-11.0, None, None, 0.0, -12.0, -3.0, 1992-12-15 17:20:00, None, None, 19.0
-5.0, None, None, 3.0, -12.0, -4.0, 1992-12-16 05:45:00, None, None, 21.0
-5.0, None, None, 4.0, -5.0, -2.0, 1992-12-16 17:30:00, None, None, 24.0
-18.0, None, None, 6.0, -18.0, -5.0, 1992-12-17 05:45:00, None, None, 29.0
-29.0, None, None, 0.0, -29.0, -16.5, 1992-12-17 17:30:00, None, None, 29.0
-32.0, None, None, 0.0, -36.0, -29.0, 1992-12-18 05:45:00, None, None, 29.0
-18.5, None, None, 2.0, -32.0, -17.0, 1992-12-18 17:30:00, None, None, 28.0
-13.0, None, None, 8.0, -18.0, -13.0, 1992-12-19 05:45:00, None, None, 33.0
-14.0, None, None, 11.0, -14.5, -11.5, 1992-12-19 17:30:00, None, None, 43.0
-17.0, None, None, 5.0, -17.0, -11.5, 1992-12-20 05:45:00, None, None, 45.0
-15.0, None, None, 0.1, -20.0, -14.0, 1992-12-20 17:00:00, None, None, 44.0
-10.0, None, None, 4.0, -16.0, -9.0, 1992-12-21 05:45:00, None, None, 46.0
-8.5, None, None, 3.0, -11.5, -6.5, 1992-12-21 17:30:00, None, None, 48.0
-7.0, None, None, 8.0, -9.0, -6.0, 1992-12-22 05:45:00, None, None, 52.0
-16.0, None, None, 0.0, -16.0, -6.0, 1992-12-22 17:15:00, None, None, 51.0
-8.0, None, None, 9.0, -16.0, -8.0, 1992-12-23 05:45:00, None, None, 56.0
-3.5, None, None, 1.0, -8.5, 0.0, 1992-12-23 17:30:00, None, None, 56.0
-1.0, None, None, 0.1, -8.5, 0.0, 1992-12-24 05:45:00, None, None, 52.0
-6.5, None, None, 0.0, -10.5, 1.0, 1992-12-24 17:30:00, None, None, 50.0
-7.0, None, None, 0.0, -7.0, -6.5, 1992-12-25 05:30:00, None, None, 49.0
-3.0, None, None, 11.0, -7.0, -2.0, 1992-12-25 17:45:00, None, None, 56.0
-5.0, None, None, 6.0, -5.0, -4.0, 1992-12-26 05:30:00, None, None, 61.0
-14.0, None, None, 8.0, -14.0, -3.0, 1992-12-26 17:30:00, None, None, 65.0
-24.0, None, None, 0.1, -24.0, -14.0, 1992-12-27 05:30:00, None, None, 63.0
-26.0, None, None, 0.1, -26.0, -12.5, 1992-12-27 17:30:00, None, None, 62.0
-27.0, None, None, 0.0, -27.0, -26.0, 1992-12-28 05:45:00, None, None, 60.0
-22.0, None, None, 0.0, -29.0, -20.5, 1992-12-28 17:30:00, None, None, 60.0
-23.0, None, None, 2.0, -23.0, -22.0, 1992-12-29 05:45:00, None, None, 61.0
-23.5, None, None, 1.0, -24.0, -21.0, 1992-12-29 17:30:00, None, None, 61.0
-25.0, None, None, 0.0, -29.0, -23.0, 1992-12-30 05:45:00, None, None, 59.0
-30.0, None, None, 0.0, -30.0, -21.0, 1992-12-30 17:00:00, None, None, 58.0
-27.5, None, None, 0.0, -33.0, -27.5, 1992-12-31 05:45:00, None, None, 57.0
-27.0, None, None, 0.0, -27.5, -23.0, 1992-12-31 16:30:00, None, None, 56.0
-37.0, None, None, 0.0, -37.0, -27.0, 1993-01-01 05:30:00, None, None, 56.0
-25.0, None, None, 0.0, -37.0, -25.0, 1993-01-01 15:30:00, None, None, 55.0
-23.5, None, None, 0.1, -27.0, -23.0, 1993-01-02 05:45:00, None, None, 55.0
-17.0, None, None, 2.0, -23.5, -15.5, 1993-01-02 17:30:00, None, None, 56.0
-11.5, None, None, 16.0, -17.0, -10.5, 1993-01-03 05:45:00, None, None, 70.0
-11.0, None, None, 9.0, -14.0, -9.0, 1993-01-03 17:30:00, None, None, 76.0
-17.5, None, None, 0.0, -17.5, -11.0, 1993-01-04 05:45:00, None, None, 75.0
-18.5, None, None, 0.0, -19.5, -13.5, 1993-01-04 17:30:00, None, None, 73.0
-36.5, None, None, 0.0, -37.0, -18.5, 1993-01-05 05:30:00, None, None, 73.0
-29.0, None, None, 0.0, -38.0, -19.0, 1993-01-05 17:15:00, None, None, 73.0
-33.5, None, None, 0.0, -34.5, -29.0, 1993-01-06 05:45:00, None, None, 72.0
-30.5, None, None, 0.0, -35.5, -18.0, 1993-01-06 17:00:00, None, None, 73.0
-18.0, None, None, 0.0, -35.0, -18.0, 1993-01-07 05:45:00, None, None, 71.0
-20.5, None, None, 1.0, -21.5, -16.0, 1993-01-07 17:00:00, None, None, 72.0
-13.0, None, None, 1.0, -23.0, -13.0, 1993-01-08 05:45:00, None, None, 69.0
-20.0, None, None, 0.0, -20.0, -8.0, 1993-01-08 17:30:00, None, None, 66.0
-34.0, None, None, 0.0, -34.0, -20.0, 1993-01-09 05:45:00, None, None, 67.0
-31.0, None, None, 0.0, -35.0, -21.0, 1993-01-09 17:30:00, None, None, 66.0
-34.0, None, None, 0.0, -44.0, -20.0, 1993-01-10 05:45:00, None, None, 66.0
-31.5, None, None, 0.0, -35.0, -17.0, 1993-01-10 17:30:00, None, None, 65.0
-38.0, None, None, 0.0, -38.0, -31.5, 1993-01-11 05:30:00, None, None, 66.0
-33.5, None, None, 0.0, -39.0, -23.0, 1993-01-11 17:30:00, None, None, 66.0
-31.0, None, None, 0.0, -37.0, -31.0, 1993-01-12 05:45:00, None, None, 65.0
-30.0, None, None, 0.0, -31.0, -23.0, 1993-01-12 17:15:00, None, None, 63.0
-32.0, None, None, 0.0, -36.5, -30.0, 1993-01-13 05:30:00, None, None, 63.0
-32.0, None, None, 0.0, -36.0, -24.0, 1993-01-13 17:30:00, None, None, 63.0
-39.0, None, None, 0.0, -39.0, -32.0, 1993-01-14 05:30:00, None, None, 62.0
-30.5, None, None, 0.0, -40.0, -24.0, 1993-01-14 17:00:00, None, None, 63.0
-31.5, None, None, 0.0, -33.5, -30.5, 1993-01-15 05:30:00, None, None, 62.0
-20.0, None, None, 0.0, -32.0, -14.0, 1993-01-15 17:30:00, None, None, 62.0
-31.5, None, None, 0.0, -31.5, -30.0, 1993-01-16 04:40:00, None, None, 62.0
-19.5, None, None, 0.0, -32.0, -19.0, 1993-01-16 17:30:00, None, None, 62.0
-18.0, None, None, 0.0, -19.5, -18.0, 1993-01-17 05:45:00, None, None, 62.0
-19.0, None, None, 0.0, -19.0, -10.0, 1993-01-17 17:30:00, None, None, 62.0
-13.0, None, None, 0.0, -22.0, -9.0, 1993-01-18 05:30:00, None, None, 59.0
-7.0, None, None, 0.0, -20.5, -5.0, 1993-01-18 17:15:00, None, None, 60.0
-4.0, None, None, 0.1, -17.5, -4.0, 1993-01-19 05:30:00, None, None, 58.0
0.0, None, None, 0.0, -4.0, 2.0, 1993-01-19 17:00:00, None, None, 58.0
-5.0, None, None, 0.0, -6.5, 0.0, 1993-01-20 05:30:00, None, None, 57.0
-2.5, None, None, 7.0, -5.5, -1.0, 1993-01-20 17:15:00, None, None, 64.0
-15.0, None, None, 5.0, -15.0, -2.5, 1993-01-21 05:30:00, None, None, 67.0
-10.5, None, None, 0.0, -16.5, -4.0, 1993-01-21 17:30:00, None, None, 67.0
-16.0, None, None, 0.0, -22.0, -10.5, 1993-01-22 05:30:00, None, None, 68.0
-12.5, None, None, 0.0, -22.0, -4.0, 1993-01-22 17:15:00, None, None, 67.0
-22.5, None, None, 0.0, -22.5, -12.5, 1993-01-23 04:50:00, None, None, 67.0
-9.5, None, None, 0.0, -24.5, -5.0, 1993-01-23 17:30:00, None, None, 66.0
-3.5, None, None, 4.0, -9.5, -1.5, 1993-01-24 05:00:00, None, None, 66.0
-1.0, None, None, 4.0, -4.5, -1.0, 1993-01-24 17:30:00, None, None, 68.0
-0.5, None, None, 4.0, -1.0, 1.0, 1993-01-25 05:30:00, None, None, 71.0
-5.0, None, None, 0.0, -7.0, 6.0, 1993-01-25 17:15:00, None, None, 68.0
-4.0, None, None, 0.0, -6.0, 0.0, 1993-01-26 05:30:00, None, None, 67.0
-2.5, None, None, 0.0, -4.5, 3.0, 1993-01-26 17:00:00, None, None, 67.0
-8.5, None, None, 0.0, -9.5, -2.5, 1993-01-27 05:30:00, None, None, 66.0
-5.5, None, None, 0.0, -9.0, -5.0, 1993-01-27 17:15:00, None, None, 67.0
-7.0, None, None, 0.0, -7.0, -5.5, 1993-01-28 05:30:00, None, None, 66.0
-4.5, None, None, 0.0, -7.5, -4.0, 1993-01-28 17:15:00, None, None, 64.0
1.5, None, None, 0.0, -7.5, 1.5, 1993-01-29 05:30:00, None, None, 63.0
4.0, None, None, 0.0, 1.0, 4.0, 1993-01-29 17:30:00, None, None, 59.0
3.0, None, None, 0.0, 3.0, 3.0, 1993-01-30 04:30:00, None, None, 58.0
4.0, None, None, 0.0, 1.5, 5.0, 1993-01-30 17:30:00, None, None, 55.0
2.0, None, None, 0.0, -1.5, 4.0, 1993-01-31 05:45:00, None, None, 55.0
4.5, None, None, 0.0, 1.5, 7.0, 1993-01-31 17:30:00, None, None, 54.0
-0.5, None, None, 0.0, -2.0, 4.5, 1993-02-01 05:30:00, None, None, 54.0
-2.0, None, None, 0.0, -5.0, 5.0, 1993-02-01 17:00:00, None, None, 53.0
-5.0, None, None, 0.0, -9.5, -2.0, 1993-02-02 05:30:00, None, None, 53.0
2.0, None, None, 0.0, -5.0, 3.0, 1993-02-02 17:30:00, None, None, 53.0
-1.0, None, None, 0.0, -3.0, 2.0, 1993-02-03 05:30:00, None, None, 51.0
1.5, None, None, 0.0, -1.0, 3.0, 1993-02-03 17:30:00, None, None, 54.0
7.5, None, None, 0.0, 4.0, 9.5, 1993-10-27 16:45:00, None, None, 0.0
-0.5, None, None, 0.0, -1.0, 7.5, 1993-10-28 06:15:00, None, None, 0.0
3.0, None, None, None, -1.0, 3.0, 1993-10-28 16:30:00, None, None, None
3.0, None, None, 0.0, -0.5, 4.0, 1993-10-29 06:30:00, None, None, 0.0
8.0, None, None, None, -0.5, 10.0, 1993-10-29 16:30:00, None, None, None
6.0, None, None, 0.0, 2.0, 8.0, 1993-10-30 05:30:00, None, None, 0.0
7.0, None, None, 0.0, -2.0, 10.0, 1993-10-30 17:00:00, None, None, 0.0
0.0, None, None, 0.0, 0.0, 8.0, 1993-10-31 05:30:00, None, None, 0.0
0.0, None, None, 0.0, -1.5, 7.0, 1993-10-31 17:30:00, None, None, 0.0
-3.5, None, None, 0.0, -4.0, 0.0, 1993-11-01 05:30:00, None, None, 0.0
1.0, None, None, 0.1, -4.0, 1.0, 1993-11-01 17:30:00, None, None, None
1.0, None, None, 0.0, 1.0, 2.0, 1993-11-02 05:30:00, None, None, 0.0
6.0, None, None, None, 1.5, 6.0, 1993-11-02 17:30:00, None, None, None
5.5, None, None, 0.0, 4.5, 7.0, 1993-11-03 05:30:00, None, None, 0.0
-0.5, None, None, None, -0.5, 7.0, 1993-11-03 17:30:00, None, None, None
-8.0, None, None, 0.0, -8.0, 2.0, 1993-11-04 05:30:00, None, None, 0.0
-5.0, None, None, 0.0, -10.0, 0.0, 1993-11-04 17:30:00, None, None, 0.0
-10.0, None, None, None, -11.5, -8.0, 1993-11-05 05:15:00, None, None, None
-1.0, None, None, 0.0, -10.0, 0.0, 1993-11-05 17:10:00, None, None, 0.0
-3.0, None, None, 0.0, -3.0, -1.0, 1993-11-06 05:19:00, None, None, 0.0
1.0, None, None, None, -3.0, 3.0, 1993-11-06 17:15:00, None, None, None
-1.0, None, None, 0.0, -1.0, 1.0, 1993-11-07 05:30:00, None, None, 0.0
0.5, None, None, 0.0, -1.5, 5.0, 1993-11-07 17:30:00, None, None, 0.0
-1.5, None, None, 0.0, -1.5, -0.5, 1993-11-08 05:30:00, None, None, None
1.0, None, None, 0.0, -3.0, 4.0, 1993-11-08 17:17:00, None, None, 0.0
-6.0, None, None, 0.0, -6.0, 1.0, 1993-11-09 05:30:00, None, None, 0.0
-2.0, None, None, 0.0, -7.0, 0.0, 1993-11-09 17:00:00, None, None, 0.0
-6.5, None, None, 0.0, -8.0, -2.0, 1993-11-10 05:30:00, None, None, 0.0
-3.0, None, None, 0.0, -7.0, 1.5, 1993-11-10 17:10:00, None, None, 0.0
-1.0, None, None, 0.0, -4.0, 0.0, 1993-11-11 05:30:00, None, None, 0.0
-1.0, None, None, 0.0, -1.0, 2.0, 1993-11-11 17:00:00, None, None, 0.0
-4.0, None, None, 1.0, -4.0, -1.0, 1993-11-12 05:15:00, None, None, 1.0
-1.0, None, None, 0.0, -4.0, 5.0, 1993-11-12 17:30:00, None, None, 0.0
-5.0, None, None, 0.0, -5.0, -1.0, 1993-11-13 05:20:00, None, None, None
-2.5, None, None, 0.0, -7.0, 3.0, 1993-11-13 17:30:00, None, None, 0.0
0.0, None, None, 2.0, -3.0, 1.0, 1993-11-14 05:30:00, None, None, 2.0
-2.0, None, None, 0.0, -2.0, 2.0, 1993-11-14 17:30:00, None, None, 0.0
-2.0, None, None, 0.5, -4.0, 2.0, 1993-11-15 05:30:00, None, None, 0.0
-2.5, None, None, 0.0, -3.0, 3.0, 1993-11-15 17:30:00, None, None, 0.0
-4.5, None, None, 0.0, -5.0, 0.0, 1993-11-16 05:30:00, None, None, 0.0
-1.5, None, None, 0.0, -4.5, 0.0, 1993-11-16 17:30:00, None, None, 0.0
-5.5, None, None, 0.0, -7.0, -1.5, 1993-11-17 05:30:00, None, None, 0.0
-2.0, None, None, 0.0, -7.0, -1.0, 1993-11-17 17:00:00, None, None, 0.0
-5.0, None, None, 0.0, -6.5, 1.0, 1993-11-18 05:30:00, None, None, 0.0
-2.0, None, None, 0.0, -5.0, 0.0, 1993-11-18 17:10:00, None, None, 0.0
1.5, None, None, 0.0, -2.0, 3.0, 1993-11-19 05:30:00, None, None, 0.0
2.5, None, None, 0.0, 1.0, 4.5, 1993-11-19 17:30:00, None, None, 0.0
3.0, None, None, 0.0, 2.0, 4.0, 1993-11-20 05:00:00, None, None, 0.0
3.0, None, None, 0.0, 2.0, 3.0, 1993-11-20 05:30:00, None, None, 0.0
1.5, None, None, 0.0, 1.5, 7.0, 1993-11-20 17:30:00, None, None, 0.0
-12.5, None, None, 0.0, -12.5, 8.0, 1993-11-21 05:30:00, None, None, 0.0
-17.0, None, None, 0.0, -17.0, -12.0, 1993-11-21 17:30:00, None, None, 0.0
-20.5, None, None, 0.0, -20.5, -17.0, 1993-11-22 05:30:00, None, None, 0.0
-17.5, None, None, None, -21.5, -13.0, 1993-11-22 17:35:00, None, None, None
-24.5, None, None, 0.0, -25.0, -15.0, 1993-11-23 05:30:00, None, None, 0.0
-17.5, None, None, 0.0, -25.5, -10.0, 1993-11-23 17:10:00, None, None, 0.0
-21.0, None, None, 0.0, -22.0, -14.5, 1993-11-24 05:30:00, None, None, 0.0
-14.0, None, None, 0.0, -21.0, -7.5, 1993-11-24 17:05:00, None, None, 0.0
-20.0, None, None, 0.0, -20.0, -11.5, 1993-11-25 05:30:00, None, None, 0.0
-8.5, None, None, None, -20.0, -4.5, 1993-11-25 17:10:00, None, None, None
-8.5, None, None, 0.0, -12.5, -7.5, 1993-11-26 05:10:00, None, None, 0.0
-3.5, None, None, 0.0, -8.0, -2.5, 1993-11-26 17:30:00, None, None, 0.0
-9.0, None, None, 0.0, -14.0, -9.0, 1993-11-27 05:15:00, None, None, 0.0
1.5, None, None, 0.0, -1.0, 2.5, 1993-11-27 17:15:00, None, None, 0.0
-0.5, None, None, 0.0, -2.5, 4.0, 1993-11-28 05:30:00, None, None, 0.0
-0.5, None, None, 0.0, -2.5, 2.0, 1993-11-28 17:30:00, None, None, 0.0
-0.5, None, None, 0.0, -1.5, 4.0, 1993-11-29 05:30:00, None, None, 0.0
0.0, None, None, 0.0, -1.5, 4.0, 1993-11-29 17:30:00, None, None, 0.0
-5.0, None, None, 0.0, -5.5, 4.5, 1993-11-30 05:30:00, None, None, 0.0
-5.0, None, None, 0.0, -5.5, 4.5, 1993-11-30 05:31:00, None, None, 0.0
-4.0, None, None, 0.0, -6.5, -2.0, 1993-11-30 17:30:00, None, None, 0.0
-1.0, None, None, 0.0, -6.5, 2.0, 1993-12-01 05:30:00, None, None, 0.0
-2.0, None, None, None, -2.0, 12.5, 1993-12-01 17:00:00, None, None, None
-5.0, None, None, 3.0, -6.0, 4.0, 1993-12-02 05:15:00, None, None, 3.0
1.0, None, None, 0.0, -1.0, 4.0, 1993-12-03 05:15:00, None, None, 0.0
-1.0, None, None, 0.0, -1.5, 2.0, 1993-12-03 17:30:00, None, None, 0.0
-3.0, None, None, 0.0, -3.0, 5.0, 1993-12-04 05:10:00, None, None, 0.0
-4.5, None, None, 0.0, -5.0, 0.0, 1993-12-04 17:30:00, None, None, 0.0
-12.0, None, None, 0.0, -12.0, -11.0, 1993-12-05 05:30:00, None, None, 0.0
-8.0, None, None, 0.0, -13.0, -3.0, 1993-12-05 17:30:00, None, None, 0.0
-15.0, None, None, 0.0, -15.0, -1.5, 1993-12-06 05:30:00, None, None, 0.0
-12.0, None, None, 0.0, -16.5, -6.0, 1993-12-06 17:30:00, None, None, 0.0
-6.0, None, None, 0.1, -13.5, -4.0, 1993-12-07 05:30:00, None, None, 0.0
-3.5, None, None, 8.0, -6.0, -3.0, 1993-12-07 17:30:00, None, None, 8.0
-15.5, None, None, 0.0, -15.5, -1.5, 1993-12-08 05:30:00, None, None, 9.0
-15.5, None, None, 0.0, -15.5, -1.5, 1993-12-08 06:44:00, None, None, 9.0
-5.5, None, None, 0.0, -16.0, -5.0, 1993-12-08 17:30:00, None, None, 9.0
-5.0, None, None, 1.0, -6.0, -3.0, 1993-12-09 05:30:00, None, None, 10.0
1.5, None, None, 0.0, -5.5, 3.5, 1993-12-09 17:10:00, None, None, 8.0
6.0, None, None, 0.0, 1.0, 8.0, 1993-12-10 05:10:00, None, None, 0.0
-2.5, None, None, 0.0, -2.5, 7.0, 1993-12-10 17:30:00, None, None, 0.0
-5.5, None, None, 0.0, -6.0, 0.0, 1993-12-11 05:20:00, None, None, 0.0
-7.0, None, None, 0.0, -7.0, 0.0, 1993-12-12 05:30:00, None, None, 0.0
0.0, None, None, None, -10.0, 0.0, 1993-12-12 17:28:00, None, None, 1.0
3.5, None, None, 0.0, 0.0, 5.0, 1993-12-13 05:30:00, None, None, 3.0
4.0, None, None, 0.0, 3.0, 6.5, 1993-12-13 17:10:00, None, None, 0.0
-1.0, None, None, 0.0, -1.0, 6.5, 1993-12-14 05:30:00, None, None, 0.0
-1.0, None, None, None, -1.5, 0.0, 1993-12-14 17:37:00, None, None, None
-2.0, None, None, 0.0, -2.0, 2.0, 1993-12-15 05:30:00, None, None, 0.0
0.0, None, None, 0.0, -2.5, 3.0, 1993-12-15 17:11:00, None, None, 0.0
-1.0, None, None, 0.0, -1.0, 2.0, 1993-12-16 05:30:00, None, None, 0.0
-2.0, None, None, 0.0, -2.0, 1.0, 1993-12-16 17:05:00, None, None, 0.0
-3.0, None, None, 0.0, -3.0, 0.0, 1993-12-17 05:00:00, None, None, 0.0
-4.0, None, None, 1.0, -4.0, -1.0, 1993-12-17 16:38:00, None, None, 1.0
-2.0, None, None, 1.0, -4.0, -2.0, 1993-12-18 17:20:00, None, None, 2.0
-2.5, None, None, 0.0, -3.0, 0.0, 1993-12-19 05:30:00, None, None, 2.0
-1.0, None, None, 0.0, -2.5, 2.0, 1993-12-19 17:30:00, None, None, 2.0
-5.0, None, None, 0.0, -7.0, 3.5, 1993-12-20 05:30:00, None, None, 3.0
-7.5, None, None, 0.0, -7.5, 1.0, 1993-12-20 17:30:00, None, None, 3.0
-14.0, None, None, 0.0, -15.0, 2.5, 1993-12-21 05:30:00, None, None, 3.0
-4.0, None, None, 2.0, -14.5, -2.5, 1993-12-21 17:30:00, None, None, 4.0
-9.0, None, None, 3.0, -9.0, -1.5, 1993-12-22 05:30:00, None, None, 7.0
-11.0, None, None, 0.0, -13.5, -3.5, 1993-12-22 17:00:00, None, None, 6.0
-4.0, None, None, 0.0, -9.5, -2.0, 1993-12-23 05:15:00, None, None, 5.0
-2.0, None, None, None, -9.5, 0.0, 1993-12-23 17:03:00, None, None, 5.0
-7.0, None, None, 0.0, -9.0, 0.0, 1993-12-24 05:00:00, None, None, 5.0
-1.5, None, None, 0.0, -10.0, 1.5, 1993-12-24 16:00:00, None, None, 5.0
-2.0, None, None, 0.0, -3.0, 1.0, 1993-12-25 05:00:00, None, None, 5.0
-3.5, None, None, 0.0, -4.5, 0.0, 1993-12-25 17:30:00, None, None, 5.0
-4.5, None, None, 0.0, -5.5, 1.0, 1993-12-26 05:30:00, None, None, 5.0
-5.0, None, None, 0.0, -5.5, 0.0, 1993-12-26 17:00:00, None, None, 5.0
-4.0, None, None, 0.0, -5.5, -2.0, 1993-12-27 05:45:00, None, None, 4.0
-4.0, None, None, 0.0, -5.0, -3.0, 1993-12-27 17:30:00, None, None, 4.0
-11.0, None, None, 0.0, -11.5, -1.5, 1993-12-28 05:30:00, None, None, 4.0
-5.0, None, None, 0.0, -12.0, -4.0, 1993-12-28 17:30:00, None, None, 4.0
-12.5, None, None, 0.0, -13.0, -1.5, 1993-12-29 05:30:00, None, None, 4.0
-4.5, None, None, 0.0, -13.5, -2.0, 1993-12-29 17:05:00, None, None, 4.0
-6.0, None, None, 6.0, -6.0, -4.0, 1993-12-30 05:30:00, None, None, 10.0
-4.5, None, None, 0.0, -9.0, -1.5, 1993-12-30 17:16:00, None, None, 10.0
-2.5, None, None, 0.0, -6.0, -2.5, 1993-12-31 05:45:00, None, None, 9.0
-1.0, None, None, 0.0, -2.5, 1.5, 1993-12-31 16:00:00, None, None, 9.0
-1.5, None, None, 0.0, -2.5, 2.0, 1994-01-01 05:30:00, None, None, 7.0
-6.5, None, None, None, -6.5, 0.0, 1994-01-01 17:30:00, None, None, 7.0
-7.5, None, None, 0.0, -9.0, -5.5, 1994-01-02 05:45:00, None, None, 8.0
-1.5, None, None, 7.0, -1.5, -1.0, 1994-01-02 17:24:00, None, None, 15.0
-8.0, None, None, 0.0, -8.0, -1.5, 1994-01-03 05:30:00, None, None, 14.0
-4.5, None, None, None, -8.5, -3.0, 1994-01-03 17:30:00, None, None, 14.0
-2.5, None, None, 5.0, -5.0, -1.0, 1994-01-04 05:30:00, None, None, 19.0
-13.0, None, None, 5.0, -13.0, -1.0, 1994-01-04 17:00:00, None, None, 26.0
-18.0, None, None, 1.0, -18.0, -10.0, 1994-01-05 05:30:00, None, None, 26.0
-18.0, None, None, None, -21.5, -15.0, 1994-01-05 17:05:00, None, None, 25.0
-27.5, None, None, 0.0, -29.0, -15.0, 1994-01-06 05:30:00, None, None, 25.0
-11.0, None, None, 6.0, -26.5, -9.0, 1994-01-06 17:00:00, None, None, 30.0
-8.0, None, None, 5.0, -11.0, -6.0, 1994-01-07 05:10:00, None, None, 32.0
-6.0, None, None, 5.0, -8.5, -3.0, 1994-01-07 17:30:00, None, None, 35.0
-2.0, None, None, 2.0, -7.0, 0.0, 1994-01-08 05:00:00, None, None, 34.0
-2.0, None, None, 0.0, -2.5, 6.0, 1994-01-09 05:30:00, None, None, 34.0
-11.0, None, None, 3.0, -11.0, 0.0, 1994-01-09 17:30:00, None, None, 35.0
-12.5, None, None, 0.0, -13.0, 1.0, 1994-01-10 05:30:00, None, None, 33.0
-3.0, None, None, 9.0, -13.0, -1.0, 1994-01-10 17:05:00, None, None, 40.0
-6.5, None, None, 9.0, -6.5, -1.0, 1994-01-11 05:30:00, None, None, 44.0
-1.0, None, None, 1.0, -7.0, 1.0, 1994-01-11 17:00:00, None, None, 41.0
-3.5, None, None, 0.0, -3.5, 2.0, 1994-01-12 05:30:00, None, None, 39.0
-2.5, None, None, 0.0, -6.5, 3.5, 1994-01-12 17:15:00, None, None, 39.0
-1.5, None, None, 0.0, -2.5, 1.0, 1994-01-13 05:30:00, None, None, 37.0
-1.0, None, None, 0.0, -1.5, 2.0, 1994-01-13 17:00:00, None, None, 36.0
-1.0, None, None, 0.0, -1.0, 2.0, 1994-01-14 05:30:00, None, None, 33.0
-2.0, None, None, 0.0, -2.5, 2.0, 1994-01-14 17:30:00, None, None, 33.0
-4.0, None, None, None, -5.0, 1.0, 1994-01-15 05:26:00, None, None, 32.0
-10.0, None, None, 0.0, -10.5, 1.0, 1994-01-15 17:52:00, None, None, 32.0
-15.0, None, None, 0.1, -15.0, -10.0, 1994-01-16 05:30:00, None, None, 33.0
-16.5, None, None, 18.0, -16.5, -10.0, 1994-01-16 17:30:00, None, None, 50.0
-15.5, None, None, 14.0, -15.5, -7.0, 1994-01-17 05:30:00, None, None, 60.0
-15.0, None, None, 17.0, -18.5, -15.0, 1994-01-17 17:00:00, None, None, 61.0
-10.5, None, None, 0.0, -15.5, -8.5, 1994-01-18 05:30:00, None, None, 58.0
-14.0, None, None, 1.0, -14.0, -7.0, 1994-01-18 17:15:00, None, None, 58.0
-14.5, None, None, 0.0, -17.5, -11.5, 1994-01-19 05:30:00, None, None, 58.0
-10.5, None, None, 0.0, -15.0, -6.5, 1994-01-19 17:00:00, None, None, 55.0
-16.0, None, None, 0.0, -16.0, -7.5, 1994-01-20 05:30:00, None, None, 55.0
-4.5, None, None, None, -17.0, -1.0, 1994-01-20 17:16:00, None, None, 55.0
-6.0, None, None, 0.0, -7.0, -2.0, 1994-01-21 05:10:00, None, None, 55.0
-1.0, None, None, None, -6.5, 2.5, 1994-01-21 17:00:00, None, None, 50.0
-1.0, None, None, 0.0, -1.5, 3.0, 1994-01-22 05:00:00, None, None, 49.0
-2.0, None, None, None, -2.0, 7.0, 1994-01-22 17:19:00, None, None, 48.0
-5.5, None, None, 0.0, -6.5, 0.0, 1994-01-23 05:30:00, None, None, 48.0
-1.0, None, None, None, -5.5, 2.0, 1994-01-23 17:22:00, None, None, 48.0
-1.5, None, None, 0.0, -1.5, 1.5, 1994-01-24 05:30:00, None, None, 47.0
-1.0, None, None, 0.0, -2.0, 1.0, 1994-01-24 17:30:00, None, None, 46.0
-1.5, None, None, 0.0, -1.5, 2.0, 1994-01-25 05:30:00, None, None, 44.0
-1.5, None, None, None, -1.5, 2.0, 1994-01-25 17:30:00, None, None, 43.0
-3.0, None, None, 0.0, -3.0, 1.0, 1994-01-26 05:30:00, None, None, 42.0
-4.5, None, None, None, -4.5, 2.0, 1994-01-26 17:30:00, None, None, 42.0
-6.0, None, None, 0.0, -7.0, 4.0, 1994-01-27 05:30:00, None, None, 35.0
-5.5, None, None, 0.0, -9.5, 2.0, 1994-01-27 17:30:00, None, None, 39.0
-11.0, None, None, 0.0, -11.0, 2.0, 1994-01-28 05:30:00, None, None, 42.0
-3.0, None, None, 0.0, -3.0, 2.0, 1994-01-28 17:30:00, None, None, 42.0
-4.5, None, None, None, -5.5, -0.5, 1994-01-29 05:08:00, None, None, 42.0
-1.0, None, None, 0.0, -3.0, 0.0, 1994-01-29 17:30:00, None, None, 41.0
-6.0, None, None, 0.0, -6.0, -0.5, 1994-01-30 05:30:00, None, None, 42.0
-5.0, None, None, 0.0, -7.0, -2.5, 1994-01-30 17:30:00, None, None, 42.0
-5.5, None, None, 0.0, -5.5, -2.0, 1994-01-31 05:30:00, None, None, 42.0
-7.0, None, None, 0.0, -7.0, -2.0, 1994-01-31 17:00:00, None, None, 41.0
-8.0, None, None, 0.0, -8.0, -4.5, 1994-02-01 05:30:00, None, None, 40.0
-7.0, None, None, 0.0, -8.5, -5.5, 1994-02-01 17:15:00, None, None, 40.0
-9.0, None, None, 0.0, -9.0, -5.0, 1994-02-02 05:30:00, None, None, 40.0
-8.5, None, None, 0.0, -10.0, -6.5, 1994-02-02 17:00:00, None, None, 40.0
-10.0, None, None, 0.0, -10.0, -6.0, 1994-02-03 05:30:00, None, None, 40.0
-9.5, None, None, 0.0, -10.5, -7.5, 1994-02-03 17:00:00, None, None, 40.0
-11.0, None, None, 0.0, -11.0, -10.0, 1994-02-04 04:55:00, None, None, 40.0
-11.5, None, None, None, -12.0, -7.0, 1994-02-04 17:30:00, None, None, 40.0
-20.0, None, None, None, -20.0, -9.0, 1994-02-05 04:51:00, None, None, 40.0
-8.0, None, None, 0.0, -21.0, -6.0, 1994-02-05 17:30:00, None, None, 39.0
-17.5, None, None, 0.0, -21.0, -5.5, 1994-02-06 05:30:00, None, None, 39.0
-16.5, None, None, 0.0, -20.0, -11.5, 1994-02-06 17:30:00, None, None, 39.0
-31.5, None, None, 0.0, -31.5, -13.5, 1994-02-07 05:30:00, None, None, 40.0
-23.0, None, None, 0.0, -34.0, -16.0, 1994-02-07 17:30:00, None, None, 4.0
-27.0, None, None, 0.0, -31.5, -20.5, 1994-02-08 05:30:00, None, None, 40.0
-13.0, None, None, 1.0, -31.5, -11.0, 1994-02-08 17:15:00, None, None, 40.0
-9.5, None, None, 17.0, -13.5, -7.0, 1994-02-09 05:30:00, None, None, 57.0
-5.5, None, None, None, -13.5, -1.0, 1994-02-09 17:00:00, None, None, 56.0
-12.5, None, None, 3.0, -12.5, -2.5, 1994-02-10 05:30:00, None, None, 57.0
-3.5, None, None, None, -19.5, 2.0, 1994-02-10 17:30:00, None, None, 56.0
-11.5, None, None, None, -13.0, -2.0, 1994-02-11 04:50:00, None, None, 53.0
-2.0, None, None, 1.0, -12.0, -1.0, 1994-02-11 17:30:00, None, None, 54.0
-2.0, None, None, 0.0, -3.0, 1.0, 1994-02-12 04:45:00, None, None, 54.0
3.0, None, None, None, -2.0, 5.0, 1994-02-12 17:24:00, None, None, 52.0
-2.0, None, None, 2.0, -2.5, -1.0, 1994-02-13 05:30:00, None, None, 54.0
-2.0, None, None, 0.0, -7.0, 3.0, 1994-02-13 17:30:00, None, None, 53.0
-10.5, None, None, 1.0, -12.0, 0.0, 1994-02-14 05:45:00, None, None, 52.0
1.5, None, None, 0.0, -11.0, 2.0, 1994-02-14 17:30:00, None, None, 52.0
2.5, None, None, 0.0, 1.5, 4.5, 1994-02-15 05:30:00, None, None, 52.0
0.0, None, None, 0.0, -1.0, 5.0, 1994-02-15 17:00:00, None, None, 49.0
-10.0, None, None, 0.0, -11.0, 2.5, 1994-02-16 05:30:00, None, None, 50.0
-10.5, None, None, 3.0, -11.5, -8.0, 1994-02-16 17:00:00, None, None, 54.0
-13.5, None, None, 3.0, -13.5, -2.5, 1994-02-17 05:30:00, None, None, 56.0
-13.5, None, None, 7.0, -14.5, -10.0, 1994-02-17 17:00:00, None, None, 59.0
-16.0, None, None, 2.0, -16.0, -11.0, 1994-02-18 05:00:00, None, None, 60.0
-15.0, None, None, 0.1, -16.0, -12.0, 1994-02-18 17:30:00, None, None, 59.0
-20.0, None, None, 0.1, -20.0, -15.0, 1994-02-19 05:30:00, None, None, 59.0
-18.0, None, None, 0.1, -21.0, -16.0, 1994-02-19 17:30:00, None, None, 59.0
-20.0, None, None, 0.1, -21.5, -15.0, 1994-02-20 05:30:00, None, None, 59.0
-15.5, None, None, 3.0, -21.5, -13.0, 1994-02-20 17:30:00, None, None, 61.0
-19.5, None, None, 1.0, -20.5, -11.0, 1994-02-21 05:30:00, None, None, 62.0
-19.0, None, None, 2.0, -20.0, -17.0, 1994-02-21 17:30:00, None, None, 64.0
-22.0, None, None, 0.0, -22.0, -16.0, 1994-02-22 05:30:00, None, None, 62.0
-17.5, None, None, 6.0, -22.5, -15.0, 1994-02-22 17:30:00, None, None, 67.0
-21.5, None, None, 1.0, -23.0, -14.5, 1994-02-23 05:30:00, None, None, 67.0
-20.5, None, None, 0.0, -23.0, -17.0, 1994-02-23 17:30:00, None, None, 67.0
-36.5, None, None, 0.0, -36.5, -17.5, 1994-02-24 05:15:00, None, None, 67.0
-25.0, None, None, 0.0, -38.0, -16.0, 1994-02-24 17:30:00, None, None, 64.0
-31.5, None, None, 0.0, -31.5, -22.0, 1994-02-25 05:10:00, None, None, 65.0
-17.0, None, None, 1.0, -32.5, -16.0, 1994-02-25 17:30:00, None, None, 63.0
-15.5, None, None, 1.0, -17.5, -14.0, 1994-02-26 05:07:00, None, None, 64.0
-5.0, None, None, 0.1, -17.5, -1.5, 1994-02-26 17:30:00, None, None, 64.0
-11.5, None, None, 0.0, -11.5, -5.0, 1994-02-27 05:30:00, None, None, 64.0
0.0, None, None, 0.0, -13.5, 5.0, 1994-02-27 17:30:00, None, None, 61.0
3.0, None, None, 0.0, -1.5, 5.5, 1994-02-28 05:45:00, None, None, 60.0
2.5, None, None, 0.0, -1.5, 10.5, 1994-02-28 17:30:00, None, None, 53.0
5.5, None, None, 0.0, -3.0, 8.0, 1994-03-01 05:30:00, None, None, 52.0
11.5, None, None, None, 5.5, 15.0, 1994-03-01 17:18:00, None, None, 43.0
6.0, None, None, 0.0, -2.0, 13.0, 1994-03-02 05:30:00, None, None, 39.0
9.0, None, None, None, 5.5, 13.5, 1994-03-02 17:00:00, None, None, 34.0
-4.0, None, None, 0.0, -4.0, 11.0, 1994-03-03 05:30:00, None, None, 30.0
4.5, None, None, 0.0, -5.5, 12.0, 1994-03-03 17:00:00, None, None, 29.0
-4.0, None, None, None, -4.0, 5.0, 1994-03-04 04:56:00, None, None, 26.0
3.0, None, None, 0.0, -5.5, 10.0, 1994-03-04 17:30:00, None, None, 25.0
-10.0, None, None, 0.0, -10.0, 6.0, 1994-03-05 05:00:00, None, None, 23.0
1.5, None, None, 0.0, -12.0, 5.5, 1994-03-05 17:30:00, None, None, 23.0
-10.0, None, None, 0.0, -10.0, 6.5, 1994-03-06 05:30:00, None, None, 23.0
1.0, None, None, 0.0, -12.0, 4.0, 1994-03-06 17:30:00, None, None, 23.0
-11.0, None, None, 0.0, -11.5, 4.0, 1994-03-07 05:30:00, None, None, 22.0
0.0, None, None, 0.0, -11.0, 4.0, 1994-03-07 17:00:00, None, None, 22.0
-11.0, None, None, 0.0, -11.0, 2.0, 1994-03-08 05:30:00, None, None, 25.0
1.5, None, None, 0.0, -12.0, 8.0, 1994-03-08 17:00:00, None, None, 21.0
-2.5, None, None, 0.0, -3.5, 2.5, 1994-03-09 05:30:00, None, None, 22.0
0.0, None, None, 0.0, -3.0, 2.5, 1994-03-09 17:30:00, None, None, 18.0
-1.5, None, None, 0.0, -1.5, 2.0, 1994-03-10 05:30:00, None, None, 18.0
1.5, None, None, 0.0, -1.5, 5.0, 1994-03-10 17:30:00, None, None, 18.0
-3.0, None, None, None, -5.0, -3.0, 1994-03-11 05:02:00, None, None, 17.0
3.0, None, None, 0.0, -3.0, 5.0, 1994-03-11 17:30:00, None, None, 16.0
4.0, None, None, 0.0, -1.0, 6.0, 1994-03-12 05:00:00, None, None, 15.0
9.0, None, None, 0.0, 4.0, 12.0, 1994-03-12 17:30:00, None, None, 12.0
-1.0, None, None, 0.0, -1.0, 11.0, 1994-03-13 05:30:00, None, None, 9.0
-5.0, None, None, 0.0, -6.5, 5.5, 1994-03-14 05:30:00, None, None, 6.0
6.0, None, None, 0.0, -4.5, 9.0, 1994-03-14 17:00:00, None, None, 6.0
-4.5, None, None, 0.0, -6.0, 7.0, 1994-03-15 05:30:00, None, None, 6.0
3.0, None, None, 0.0, -5.0, 8.0, 1994-03-15 17:30:00, None, None, 5.0
-1.5, None, None, 6.0, -1.5, 5.0, 1994-03-16 05:30:00, None, None, 10.0
1.0, None, None, 0.0, -1.5, 7.0, 1994-03-16 17:00:00, None, None, 6.0
-3.0, None, None, 0.0, -3.5, 2.5, 1994-03-17 05:30:00, None, None, 6.0
0.0, None, None, 0.1, -2.0, 2.5, 1994-03-17 17:00:00, None, None, 94.0
3.0, None, None, None, -4.5, 8.0, 1994-03-18 03:00:00, None, None, 6.0
-3.0, None, None, 0.0, -3.0, 6.0, 1994-03-18 04:30:00, None, None, 6.0
-8.0, None, None, 0.0, -8.0, 5.5, 1994-03-19 05:00:00, None, None, 5.0
2.5, None, None, 0.0, -8.0, 6.0, 1994-03-19 17:30:00, None, None, 5.0
0.0, None, None, 0.0, -6.5, 2.5, 1994-03-20 05:45:00, None, None, 3.0
5.0, None, None, 0.0, 0.0, 6.0, 1994-03-20 17:45:00, None, None, 0.0
0.5, None, None, 0.0, -1.0, 5.0, 1994-03-21 05:30:00, None, None, 0.0
-2.5, None, None, 0.1, -2.5, -1.0, 1994-03-21 07:00:00, None, None, 0.1
5.0, None, None, None, -1.0, 9.0, 1994-03-21 16:19:00, None, None, None
-2.5, None, None, 1.0, -2.5, 5.0, 1994-03-22 05:30:00, None, None, 1.0
3.5, None, None, 0.0, -3.0, 5.0, 1994-03-22 16:00:00, None, None, 0.0
-4.0, None, None, 0.0, -5.5, 3.5, 1994-03-23 05:45:00, None, None, 0.0
4.0, None, None, None, -4.0, 5.0, 1994-03-23 16:10:00, None, None, None
-8.5, None, None, 0.0, -8.5, 4.0, 1994-03-24 05:30:00, None, None, 0.0
-7.0, None, None, 0.0, -7.0, 8.0, 1994-03-25 05:30:00, None, None, 0.0
12.5, None, None, 0.0, -7.5, 14.0, 1994-03-25 16:30:00, None, None, 0.0
-6.0, None, None, 0.0, -6.0, 12.5, 1994-03-26 05:30:00, None, None, 0.0
8.5, None, None, 0.0, -6.5, 19.0, 1994-03-26 17:30:00, None, None, 0.0
-5.0, None, None, 0.0, -5.0, 8.5, 1994-03-27 05:30:00, None, None, 0.0
15.5, None, None, 0.0, -5.0, 18.5, 1994-03-27 17:00:00, None, None, 0.0
15.0, None, None, 0.0, -6.5, 15.0, 1994-03-28 16:00:00, None, None, 0.0
-7.0, None, None, 0.0, -7.0, 15.0, 1994-03-29 05:30:00, None, None, 0.0
20.0, None, None, 0.0, -7.0, 20.0, 1994-03-29 16:00:00, None, None, 0.0
-5.5, None, None, 0.0, -5.5, 20.0, 1994-03-30 05:30:00, None, None, 0.0
-2.0, None, None, 0.0, -3.5, 17.0, 1994-03-31 05:30:00, None, None, 0.0
14.5, None, None, 0.0, -2.0, 16.5, 1994-03-31 16:00:00, None, None, 0.0
-5.0, None, None, 0.0, -5.0, 14.5, 1994-04-01 05:30:00, None, None, 0.0
14.0, None, None, 0.0, -5.0, 16.5, 1994-04-01 17:00:00, None, None, 0.0
-2.0, None, None, 0.0, -3.0, 14.0, 1994-04-02 05:45:00, None, None, 0.0
10.0, None, None, 0.0, -2.0, 14.5, 1994-04-02 17:00:00, None, None, 0.0
0.0, None, None, 0.0, 0.0, 10.0, 1994-04-03 05:30:00, None, None, 0.0
10.0, None, None, 0.0, 0.0, 12.0, 1994-04-03 17:00:00, None, None, 0.0
-4.0, None, None, 0.0, -5.0, 10.0, 1994-04-04 05:30:00, None, None, 0.0
5.0, None, None, 0.0, -4.0, 7.0, 1994-04-04 16:30:00, None, None, 0.0
-1.5, None, None, 0.0, -2.0, 5.0, 1994-04-05 05:30:00, None, None, 0.0
7.5, None, None, 0.0, -2.0, 8.5, 1994-04-05 16:00:00, None, None, 0.0
-7.5, None, None, 0.0, -7.5, 7.5, 1994-04-06 05:30:00, None, None, 0.0
11.0, None, None, 0.0, -8.0, 12.0, 1994-04-06 16:30:00, None, None, 0.0
-6.5, None, None, 0.0, -6.5, 11.0, 1994-04-07 05:30:00, None, None, 0.0
11.0, None, None, 0.0, -6.5, 12.0, 1994-04-07 16:30:00, None, None, 0.0
-5.0, None, None, 0.0, -5.0, 11.0, 1994-04-08 05:30:00, None, None, 0.0
10.0, None, None, 0.0, -2.0, 12.0, 1994-04-09 18:00:00, None, None, 0.0
-3.0, None, None, 0.0, -3.0, 10.0, 1994-04-10 05:35:00, None, None, 0.0
11.0, None, None, 0.0, -3.5, 12.0, 1994-04-10 18:00:00, None, None, 0.0
7.5, None, None, 0.0, 6.5, 12.0, 1994-04-11 05:45:00, None, None, 0.0
13.0, None, None, 0.0, 7.5, 14.0, 1994-04-11 16:00:00, None, None, 0.0
1.5, None, None, 0.0, 1.5, 13.0, 1994-04-12 05:30:00, None, None, 0.0
7.0, None, None, 0.0, -2.0, 8.5, 1994-04-12 16:00:00, None, None, 0.0
1.0, None, None, 0.0, 0.0, 7.0, 1994-04-13 05:30:00, None, None, 0.0
1.5, None, None, 0.0, -2.0, 8.0, 1994-04-13 17:01:00, None, None, 0.0
-6.0, None, None, 0.0, -6.0, 5.0, 1994-04-14 05:45:00, None, None, 0.0
0.5, None, None, None, -6.5, 5.0, 1994-04-14 16:30:00, None, None, None
0.0, None, None, 0.0, 0.0, 4.0, 1994-04-15 05:45:00, None, None, 0.0
13.5, None, None, 0.0, 0.0, 15.0, 1994-04-15 16:30:00, None, None, 0.0
-3.5, None, None, 0.0, -3.5, 9.0, 1994-10-15 06:00:00, None, None, 0.0
9.0, None, None, 0.0, -5.0, 9.0, 1994-10-15 16:10:00, None, None, 0.0
-2.0, None, None, 0.0, -4.0, 9.0, 1994-10-16 06:00:00, None, None, 0.0
9.5, None, None, 0.0, -2.0, 11.0, 1994-10-16 16:50:00, None, None, 0.0
3.5, None, None, 0.0, 2.0, 9.5, 1994-10-17 05:55:00, None, None, 0.0
9.0, None, None, 0.0, 4.0, 10.0, 1994-10-17 16:35:00, None, None, 0.0
-3.0, None, None, 0.0, -4.5, 9.0, 1994-10-18 05:50:00, None, None, 0.0
7.0, None, None, 0.0, -3.0, 9.0, 1994-10-18 16:30:00, None, None, 0.0
0.5, None, None, 0.0, 0.5, 6.5, 1994-10-19 05:55:00, None, None, 0.0
6.0, None, None, 0.0, 0.5, 6.0, 1994-10-19 16:00:00, None, None, 0.0
4.0, None, None, 0.0, 4.0, 6.0, 1994-10-20 05:45:00, None, None, 0.0
5.0, None, None, 0.0, 2.0, 9.0, 1994-10-20 16:40:00, None, None, 0.0
-3.0, None, None, 0.0, -3.0, 5.0, 1994-10-21 05:40:00, None, None, 0.0
7.0, None, None, 0.0, -4.5, 9.0, 1994-10-21 16:20:00, None, None, 0.0
-5.0, None, None, 0.0, -5.0, 7.0, 1994-10-22 05:55:00, None, None, 0.0
5.0, None, None, 0.0, -6.0, 5.0, 1994-10-22 16:10:00, None, None, 0.0
0.0, None, None, 0.0, 0.0, 4.0, 1994-10-23 05:45:00, None, None, 0.0
3.5, None, None, 0.0, 0.0, 7.0, 1994-10-23 17:40:00, None, None, 0.0
4.0, None, None, 0.0, -1.5, 4.0, 1994-10-24 05:35:00, None, None, 0.0
11.0, None, None, 0.0, 4.0, 11.0, 1994-10-24 16:00:00, None, None, 0.0
10.0, None, None, 0.0, 8.0, 11.5, 1994-10-25 05:30:00, None, None, 0.0
15.0, None, None, 0.0, 10.0, 16.0, 1994-10-25 16:30:00, None, None, 0.0
4.0, None, None, 0.0, 4.0, 14.5, 1994-10-26 05:30:00, None, None, 0.0
4.0, None, None, 0.0, 0.0, 10.0, 1994-10-26 16:30:00, None, None, 0.0
-3.0, None, None, 0.0, -4.0, 4.0, 1994-10-27 05:45:00, None, None, 0.0
7.0, None, None, 0.0, -4.0, 9.0, 1994-10-27 16:40:00, None, None, 0.0
0.0, None, None, 0.0, 0.0, 7.0, 1994-10-28 05:40:00, None, None, 0.0
6.0, None, None, 0.0, 0.0, 8.0, 1994-10-28 16:00:00, None, None, 0.0
-7.0, None, None, 0.0, -7.0, 6.0, 1994-10-29 05:45:00, None, None, 0.0
5.0, None, None, 0.0, -9.0, 7.0, 1994-10-29 16:25:00, None, None, 0.0
-1.0, None, None, 0.0, -1.0, 5.0, 1994-10-30 05:50:00, None, None, 0.0
1.0, None, None, 0.0, -1.0, 6.5, 1994-10-30 17:30:00, None, None, 0.0
-3.5, None, None, 0.0, -4.0, 2.0, 1994-10-31 05:30:00, None, None, 0.0
-1.0, None, None, 1.0, -3.0, 2.0, 1994-10-31 16:25:00, None, None, 0.0
-3.5, None, None, 1.0, -3.5, 1.0, 1994-11-01 05:30:00, None, None, 1.0
-5.0, None, None, 1.0, -5.0, -4.0, 1994-11-01 16:15:00, None, None, 0.1
-14.0, None, None, 0.0, -14.0, -2.5, 1994-11-02 05:30:00, None, None, 0.0
-4.0, None, None, 0.0, -15.0, -1.0, 1994-11-02 16:10:00, None, None, 0.0
-6.0, None, None, 0.0, -7.5, -4.0, 1994-11-03 05:30:00, None, None, 0.0
-3.0, None, None, 4.0, -8.0, -2.0, 1994-11-03 17:00:00, None, None, 4.0
-2.0, None, None, 4.0, -3.5, 1.0, 1994-11-04 05:00:00, None, None, 4.0
1.0, None, None, 0.0, -7.0, 5.0, 1994-11-04 16:10:00, None, None, 4.0
-2.0, None, None, 0.0, -3.0, 1.0, 1994-11-05 05:30:00, None, None, 0.0
1.0, None, None, 0.0, -2.0, 2.0, 1994-11-05 17:30:00, None, None, 2.0
0.0, None, None, 0.0, -1.0, 1.0, 1994-11-06 05:00:00, None, None, 4.0
-1.0, None, None, 1.0, -3.0, 3.5, 1994-11-06 17:30:00, None, None, 3.0
-2.0, None, None, 0.0, -3.0, 1.0, 1994-11-07 05:30:00, None, None, 3.0
-1.5, None, None, 0.0, -2.0, 5.5, 1994-11-07 17:30:00, None, None, 3.0
1.0, None, None, 0.0, -3.0, 3.0, 1994-11-08 05:30:00, None, None, 3.0
3.0, None, None, 0.0, 1.0, 4.0, 1994-11-08 17:30:00, None, None, 1.0
-1.0, None, None, 0.0, -4.0, 6.0, 1994-11-09 05:30:00, None, None, 0.0
0.5, None, None, 0.0, -4.5, 7.0, 1994-11-09 17:30:00, None, None, 0.0
-2.0, None, None, 0.0, -2.0, 2.5, 1994-11-10 05:30:00, None, None, 0.0
3.5, None, None, 0.0, -2.0, 4.0, 1994-11-10 17:30:00, None, None, 0.0
2.0, None, None, 0.0, 0.0, 2.0, 1994-11-11 05:00:00, None, None, 0.0
-0.5, None, None, 0.0, -0.5, 3.0, 1994-11-11 17:30:00, None, None, 0.0
-5.5, None, None, 0.0, -5.5, -0.5, 1994-11-12 05:30:00, None, None, 0.0
-1.0, None, None, 0.0, -7.5, 0.0, 1994-11-12 17:30:00, None, None, 0.0
-4.0, None, None, 0.1, -5.0, -3.0, 1994-11-13 05:00:00, None, None, 0.0
1.0, None, None, 0.0, -6.5, 1.0, 1994-11-13 17:30:00, None, None, 0.0
-1.5, None, None, 2.0, -1.5, 0.0, 1994-11-14 05:30:00, None, None, 2.0
-3.0, None, None, 0.0, -4.0, 3.0, 1994-11-14 17:30:00, None, None, 0.0
-3.0, None, None, 0.1, -4.5, -3.0, 1994-11-15 05:30:00, None, None, 0.1
-6.5, None, None, 0.0, -6.5, 2.0, 1994-11-15 17:30:00, None, None, 0.0
-7.0, None, None, 0.0, -10.0, -6.5, 1994-11-16 05:15:00, None, None, 0.0
-5.5, None, None, 0.0, -7.5, -1.5, 1994-11-16 17:30:00, None, None, 1.0
-11.0, None, None, 0.0, -11.0, -5.5, 1994-11-17 05:15:00, None, None, 1.0
-12.5, None, None, 0.0, -13.0, -6.0, 1994-11-17 17:30:00, None, None, 1.0
-10.0, None, None, 0.0, -17.0, -8.0, 1994-11-18 05:15:00, None, None, 0.0
-5.5, None, None, 2.0, -11.0, -5.5, 1994-11-18 17:30:00, None, None, 2.0
-4.0, None, None, 10.0, -6.0, -4.0, 1994-11-19 05:00:00, None, None, 12.0
-3.5, None, None, 9.0, -12.0, -1.0, 1994-11-19 17:30:00, None, None, 19.0
-10.0, None, None, 2.0, -13.0, -2.0, 1994-11-20 05:30:00, None, None, 12.0
-13.0, None, None, 1.0, -13.0, 0.5, 1994-11-20 17:30:00, None, None, 19.0
-12.5, None, None, 1.0, -20.5, -12.5, 1994-11-21 05:15:00, None, None, 19.0
-5.0, None, None, 0.0, -12.5, -3.0, 1994-11-21 17:30:00, None, None, 19.0
-4.0, None, None, 0.1, -5.0, -4.0, 1994-11-22 05:15:00, None, None, 18.0
0.5, None, None, 0.0, -4.0, 2.5, 1994-11-22 17:30:00, None, None, 15.0
-4.5, None, None, 1.0, -4.5, 0.5, 1994-11-23 05:45:00, None, None, 15.0
-5.5, None, None, 0.0, -10.5, 1.0, 1994-11-23 17:30:00, None, None, 15.0
-5.5, None, None, 0.0, -10.0, -5.0, 1994-11-24 05:15:00, None, None, 14.0
-4.5, None, None, 0.0, -6.5, 1.0, 1994-11-24 17:30:00, None, None, 14.0
-5.0, None, None, 0.0, -7.0, -1.0, 1994-11-25 05:15:00, None, None, 13.0
-9.5, None, None, 1.0, -9.5, -4.0, 1994-11-25 17:30:00, None, None, 14.0
-12.0, None, None, 1.0, -14.0, -3.0, 1994-11-26 05:30:00, None, None, 13.0
-14.5, None, None, 0.0, -14.5, -6.0, 1994-11-26 17:30:00, None, None, 13.0
-11.0, None, None, 0.0, -20.0, 0.0, 1994-11-27 05:30:00, None, None, 13.0
-9.0, None, None, 6.0, -11.5, 2.0, 1994-11-27 17:30:00, None, None, 20.0
-11.5, None, None, 0.0, -11.5, -9.0, 1994-11-28 05:15:00, None, None, 19.0
-4.0, None, None, 2.0, -15.5, -4.0, 1994-11-28 17:30:00, None, None, 21.0
-3.0, None, None, 9.0, -4.0, -3.0, 1994-11-29 05:15:00, None, None, 28.0
-1.5, None, None, 10.0, -3.0, -1.0, 1994-11-29 17:30:00, None, None, 35.0
2.0, None, None, 2.0, -2.0, 2.0, 1994-11-30 05:15:00, None, None, 32.0
-3.5, None, None, 0.0, -3.5, 4.0, 1994-11-30 17:30:00, None, None, 30.0
-10.0, None, None, 0.0, -12.0, -3.5, 1994-12-01 05:15:00, None, None, 30.0
-7.0, None, None, 0.0, -12.0, -2.0, 1994-12-01 17:30:00, None, None, 30.0
-19.0, None, None, 0.0, -19.0, -7.0, 1994-12-02 05:15:00, None, None, 31.0
-25.0, None, None, None, -25.0, -19.0, 1994-12-02 17:30:00, None, None, 30.0
-35.0, None, None, 0.0, -35.0, -19.0, 1994-12-03 05:30:00, None, None, 31.0
-27.0, None, None, 0.0, -36.5, -19.0, 1994-12-03 17:30:00, None, None, 28.0
-32.0, None, None, 0.0, -32.0, -20.0, 1994-12-04 05:30:00, None, None, 31.0
-21.0, None, None, 0.0, -33.0, -15.0, 1994-12-04 17:30:00, None, None, 26.0
-14.5, None, None, 0.0, -21.0, -14.0, 1994-12-05 05:30:00, None, None, 25.0
-13.0, None, None, 0.0, -15.0, -8.0, 1994-12-05 17:30:00, None, None, 25.0
-12.5, None, None, 0.0, -16.5, -12.5, 1994-12-06 05:15:00, None, None, 25.0
-12.5, None, None, 1.0, -12.5, -4.0, 1994-12-06 17:30:00, None, None, 26.0
-9.0, None, None, 0.0, -20.0, -9.0, 1994-12-07 05:15:00, None, None, 26.0
-5.5, None, None, 2.0, -15.5, -5.0, 1994-12-07 17:30:00, None, None, 28.0
-3.0, None, None, 1.0, -6.0, -3.0, 1994-12-08 05:15:00, None, None, 27.0
-5.0, None, None, 5.0, -5.0, -2.0, 1994-12-08 17:30:00, None, None, 31.0
-11.5, None, None, 2.0, -11.5, -5.0, 1994-12-09 05:15:00, None, None, 33.0
-11.5, None, None, 0.0, -14.0, -9.0, 1994-12-09 17:30:00, None, None, 30.0
-12.0, None, None, 0.0, -15.0, -9.0, 1994-12-10 05:30:00, None, None, 30.0
-1.5, None, None, 1.0, -13.0, -1.5, 1994-12-10 17:30:00, None, None, 32.0
-9.0, None, None, 0.0, -10.0, -2.0, 1994-12-11 05:30:00, None, None, 30.0
-3.5, None, None, 0.0, -11.5, -1.0, 1994-12-11 17:30:00, None, None, 30.0
-10.5, None, None, 0.0, -13.5, -1.5, 1994-12-12 05:15:00, None, None, 30.0
-14.0, None, None, 0.0, -14.0, -5.0, 1994-12-12 18:00:00, None, None, 30.0
-16.5, None, None, 0.0, -21.0, -14.0, 1994-12-13 05:15:00, None, None, 29.0
-6.5, None, None, 0.0, -16.5, -4.5, 1994-12-13 17:30:00, None, None, 29.0
-10.0, None, None, 0.0, -11.0, -6.5, 1994-12-14 05:15:00, None, None, 28.0
-8.5, None, None, 0.0, -16.5, -3.5, 1994-12-14 17:30:00, None, None, 28.0
-4.0, None, None, 1.0, -11.5, -3.5, 1994-12-15 05:15:00, None, None, 29.0
-7.0, None, None, 0.0, -7.0, -1.0, 1994-12-15 17:30:00, None, None, 29.0
-6.5, None, None, 2.0, -10.0, -6.5, 1994-12-16 05:15:00, None, None, 31.0
-6.5, None, None, 0.0, -6.5, 0.0, 1994-12-16 17:30:00, None, None, 30.0
-5.0, None, None, 0.0, -10.0, -5.0, 1994-12-17 05:30:00, None, None, 15.0
4.0, None, None, 0.0, -6.0, 5.0, 1994-12-17 17:30:00, None, None, 30.0
-5.0, None, None, 0.0, -5.0, 5.0, 1994-12-18 05:30:00, None, None, 30.0
1.5, None, None, 0.0, -5.0, 6.0, 1994-12-18 17:30:00, None, None, 30.0
5.0, None, None, 0.0, 1.5, 5.0, 1994-12-19 05:15:00, None, None, 26.0
4.0, None, None, 0.0, 3.5, 8.0, 1994-12-19 17:15:00, None, None, 19.0
2.0, None, None, 0.0, -1.0, 4.0, 1994-12-20 05:15:00, None, None, 18.0
-3.0, None, None, 0.0, -4.5, 6.5, 1994-12-20 17:45:00, None, None, 18.0
-3.0, None, None, 0.0, -8.0, -3.0, 1994-12-21 05:15:00, None, None, 18.0
4.0, None, None, 0.0, -4.5, 4.0, 1994-12-21 17:00:00, None, None, 16.0
4.5, None, None, 0.0, 4.5, 5.0, 1994-12-22 05:15:00, None, None, 16.0
3.5, None, None, 0.0, 3.5, 6.0, 1994-12-22 17:15:00, None, None, 13.0
1.5, None, None, 0.0, 1.5, 6.5, 1994-12-23 05:15:00, None, None, 13.0
-1.0, None, None, 0.0, -1.0, 1.0, 1994-12-23 17:30:00, None, None, 10.0
6.0, None, None, 0.0, -1.0, 6.0, 1994-12-24 05:30:00, None, None, 10.0
0.0, None, None, 0.0, 0.0, 6.0, 1994-12-24 17:30:00, None, None, 6.0
-5.5, None, None, 1.0, -5.5, 3.5, 1994-12-25 05:30:00, None, None, 9.0
-4.5, None, None, 0.0, -6.5, -1.0, 1994-12-25 17:00:00, None, None, 9.0
-2.5, None, None, 5.0, -4.5, -1.5, 1994-12-26 05:30:00, None, None, 15.0
-7.5, None, None, 2.0, -7.5, 0.5, 1994-12-26 17:30:00, None, None, 17.0
-10.0, None, None, 0.0, -10.0, -7.5, 1994-12-27 05:15:00, None, None, 17.0
-6.5, None, None, 0.1, -12.0, -6.5, 1994-12-27 17:30:00, None, None, 17.0
-7.0, None, None, 6.0, -8.0, -6.0, 1994-12-28 05:15:00, None, None, 20.0
-7.0, None, None, 0.0, -7.5, -5.0, 1994-12-28 16:00:00, None, None, 20.0
-11.5, None, None, 0.0, -14.0, -7.0, 1994-12-29 05:15:00, None, None, 19.0
-16.5, None, None, 0.0, -16.5, -9.0, 1994-12-29 17:15:00, None, None, 19.0
-13.5, None, None, 0.0, -19.0, -13.5, 1994-12-30 05:15:00, None, None, 19.0
-12.0, None, None, 0.0, -14.0, -9.0, 1994-12-30 17:30:00, None, None, 16.0
-9.0, None, None, 0.0, -14.0, -9.0, 1994-12-31 05:30:00, None, None, 19.0
-17.5, None, None, 0.0, -19.5, -10.0, 1994-12-31 17:30:00, None, None, 15.0
-25.0, None, None, 0.0, -25.0, -17.0, 1995-01-01 05:30:00, None, None, 15.0
-17.5, None, None, 0.0, -25.5, -14.0, 1995-01-01 16:00:00, None, None, 15.0
-20.0, None, None, 0.0, -24.0, -17.5, 1995-01-02 05:15:00, None, None, 15.0
-19.5, None, None, 0.0, -20.0, -12.0, 1995-01-02 17:15:00, None, None, 15.0
-22.5, None, None, 0.0, -23.5, -12.0, 1995-01-03 05:30:00, None, None, 15.0
-22.5, None, None, 0.0, -23.5, -17.5, 1995-01-03 17:15:00, None, None, 16.0
-28.5, None, None, 0.0, -28.5, -22.5, 1995-01-04 05:15:00, None, None, 15.0
-25.0, None, None, 0.0, -28.5, -21.0, 1995-01-04 17:15:00, None, None, 15.0
-25.0, None, None, 0.0, -27.0, -21.0, 1995-01-05 05:15:00, None, None, 14.0
-23.0, None, None, 0.0, -25.0, -21.0, 1995-01-05 17:30:00, None, None, 15.0
-23.0, None, None, 0.0, -24.5, -23.0, 1995-01-06 05:15:00, None, None, 14.0
-22.5, None, None, 0.0, -25.5, -16.0, 1995-01-06 17:30:00, None, None, 14.0
-28.0, None, None, 0.0, -29.0, -12.0, 1995-01-07 05:30:00, None, None, 14.0
-25.0, None, None, 0.0, -29.0, -21.0, 1995-01-07 17:30:00, None, None, 14.0
-22.0, None, None, 0.0, -28.0, -19.0, 1995-01-08 05:30:00, None, None, 14.0
-16.0, None, None, 0.1, -22.5, -16.0, 1995-01-08 17:30:00, None, None, 14.0
-15.0, None, None, 0.0, -22.5, -15.0, 1995-01-09 05:15:00, None, None, 15.0
-10.0, None, None, 2.0, -17.0, -10.0, 1995-01-09 17:15:00, None, None, 16.0
-9.0, None, None, 1.0, -12.5, -9.0, 1995-01-10 05:15:00, None, None, 16.0
-9.5, None, None, 0.0, -14.5, -6.0, 1995-01-10 17:15:00, None, None, 17.0
-10.0, None, None, 0.0, -11.0, -9.0, 1995-01-11 05:15:00, None, None, 16.0
-4.5, None, None, 2.0, -11.0, -3.0, 1995-01-11 17:30:00, None, None, 18.0
-5.0, None, None, 0.0, -6.5, -4.0, 1995-01-12 05:15:00, None, None, 18.0
-4.5, None, None, 0.0, -5.5, -0.5, 1995-01-12 17:15:00, None, None, 15.0
-6.5, None, None, 0.0, -7.0, -4.5, 1995-01-13 05:15:00, None, None, 16.0
-3.5, None, None, 2.0, -7.0, -2.0, 1995-01-13 17:45:00, None, None, 18.0
-4.0, None, None, 2.0, -5.0, -2.0, 1995-01-14 05:30:00, None, None, 16.0
-3.0, None, None, 1.0, -5.5, -2.0, 1995-01-14 17:30:00, None, None, 22.0
-4.0, None, None, 0.0, -5.0, -2.0, 1995-01-15 05:30:00, None, None, 18.0
-4.5, None, None, 3.0, -5.0, -3.0, 1995-01-15 17:30:00, None, None, 25.0
-5.0, None, None, 1.0, -5.5, -4.5, 1995-01-16 05:15:00, None, None, 24.0
-4.0, None, None, 2.0, -5.0, 0.5, 1995-01-16 17:30:00, None, None, 24.0
-5.0, None, None, 1.0, -5.5, -4.0, 1995-01-17 05:15:00, None, None, 25.0
-4.5, None, None, 1.0, -5.0, -1.5, 1995-01-17 17:30:00, None, None, 25.0
-8.0, None, None, 0.0, -13.0, -4.5, 1995-01-18 05:15:00, None, None, 25.0
-1.5, None, None, 1.0, -8.5, 1.0, 1995-01-18 17:30:00, None, None, 26.0
-5.0, None, None, 1.0, -8.0, -1.5, 1995-01-19 05:15:00, None, None, 27.0
-5.0, None, None, 0.0, -8.5, -2.0, 1995-01-19 17:30:00, None, None, 24.0
-15.0, None, None, 0.0, -15.0, -5.0, 1995-01-20 05:15:00, None, None, 25.0
-9.5, None, None, 0.0, -16.0, -6.0, 1995-01-20 17:30:00, None, None, 23.0
-13.0, None, None, 0.0, -16.0, -6.0, 1995-01-21 05:30:00, None, None, 25.0
-11.0, None, None, 0.0, -11.0, -9.0, 1995-01-21 17:30:00, None, None, 24.0
-12.0, None, None, 0.0, -13.0, -9.0, 1995-01-22 05:30:00, None, None, 23.0
-11.5, None, None, 0.0, -12.0, -11.0, 1995-01-22 17:30:00, None, None, 23.0
-14.0, None, None, 0.0, -14.0, -11.5, 1995-01-23 05:15:00, None, None, 25.0
-14.0, None, None, 0.0, -15.0, -12.0, 1995-01-23 17:15:00, None, None, 25.0
-16.0, None, None, 0.0, -16.0, -14.0, 1995-01-24 05:15:00, None, None, 25.0
-17.0, None, None, 0.0, -17.0, -14.0, 1995-01-24 17:30:00, None, None, 25.0
-23.0, None, None, 0.0, -24.0, -17.0, 1995-01-25 05:15:00, None, None, 25.0
-14.0, None, None, 0.0, -23.5, -12.0, 1995-01-25 17:30:00, None, None, 25.0
-16.0, None, None, 0.0, -17.0, -14.0, 1995-01-26 05:15:00, None, None, 25.0
-9.0, None, None, 0.0, -16.5, -7.0, 1995-01-26 17:15:00, None, None, 26.0
-8.5, None, None, 0.0, -9.0, -8.5, 1995-01-27 05:15:00, None, None, 25.0
-4.0, None, None, 0.0, -8.5, -3.0, 1995-01-27 17:30:00, None, None, 23.0
-12.0, None, None, 0.0, -12.0, -4.0, 1995-01-28 05:30:00, None, None, 23.0
0.0, None, None, 0.0, -14.5, 2.0, 1995-01-28 17:30:00, None, None, 21.0
5.0, None, None, 0.0, -2.0, 5.0, 1995-01-29 05:30:00, None, None, 21.0
1.0, None, None, 0.0, 1.0, 8.0, 1995-01-29 17:30:00, None, None, 14.0
-4.0, None, None, 0.0, -4.0, 1.0, 1995-01-30 05:15:00, None, None, 14.0
-1.5, None, None, 0.0, -5.0, -1.0, 1995-01-30 17:15:00, None, None, 12.0
-2.0, None, None, 0.0, -3.5, -1.5, 1995-01-31 05:15:00, None, None, 12.0
-20.5, None, None, None, -35.5, -18.5, 1995-01-31 17:15:00, None, None, 44.0
-0.5, None, None, 0.0, -2.5, 1.0, 1995-01-31 17:30:00, None, None, 12.0
-1.0, None, None, 0.0, -2.0, 3.0, 1995-02-01 05:15:00, None, None, 11.0
-1.5, None, None, 0.0, -1.5, 7.5, 1995-02-01 17:20:00, None, None, 11.0
-3.0, None, None, 0.0, -3.5, 0.0, 1995-02-02 05:15:00, None, None, 11.0
-1.0, None, None, 0.0, -4.5, 2.0, 1995-02-02 17:20:00, None, None, 11.0
4.0, None, None, 0.0, -2.0, 4.5, 1995-02-03 05:15:00, None, None, 10.0
-0.5, None, None, 0.0, -0.5, 7.0, 1995-02-03 17:30:00, None, None, 9.0
-7.0, None, None, 0.0, -7.0, 6.0, 1995-02-04 05:30:00, None, None, 9.0
-3.0, None, None, 0.0, -9.0, 4.0, 1995-02-04 17:30:00, None, None, 9.0
-8.0, None, None, 0.0, -9.0, 4.0, 1995-02-05 05:30:00, None, None, 9.0
-2.0, None, None, 0.0, -9.5, 0.0, 1995-02-05 17:30:00, None, None, 9.0
-2.0, None, None, 0.0, -2.5, -2.0, 1995-02-06 05:15:00, None, None, 10.0
-0.5, None, None, 0.0, -2.0, 4.0, 1995-02-06 17:50:00, None, None, 10.0
-1.5, None, None, 0.0, -2.5, -0.5, 1995-02-07 05:15:00, None, None, 9.0
-1.0, None, None, 0.0, -2.0, 0.0, 1995-02-07 17:50:00, None, None, 9.0
-2.5, None, None, 0.0, -2.5, -1.0, 1995-02-08 05:15:00, None, None, 9.0
-1.5, None, None, 0.0, -2.5, 0.0, 1995-02-08 17:30:00, None, None, 9.0
-5.5, None, None, 0.0, -5.5, -1.5, 1995-02-09 05:15:00, None, None, 8.0
-3.0, None, None, 0.0, -7.5, -2.0, 1995-02-09 17:15:00, None, None, 8.0
-5.0, None, None, 0.0, -5.0, -3.0, 1995-02-10 05:15:00, None, None, 8.0
-5.0, None, None, 0.0, -6.5, -4.0, 1995-02-10 17:30:00, None, None, 8.0
-10.0, None, None, 0.0, -10.0, -5.0, 1995-02-11 05:30:00, None, None, 8.0
-11.5, None, None, 0.0, -12.0, -6.0, 1995-02-11 17:30:00, None, None, 8.0
-18.0, None, None, 0.0, -18.0, -6.0, 1995-02-12 05:30:00, None, None, 8.0
-11.0, None, None, 0.0, -19.0, -9.0, 1995-02-12 17:30:00, None, None, 8.0
-22.0, None, None, 0.0, -22.0, -11.0, 1995-02-13 05:15:00, None, None, 7.0
-12.5, None, None, 0.0, -24.0, -10.0, 1995-02-13 17:15:00, None, None, 8.0
-19.0, None, None, 0.0, -20.0, -12.5, 1995-02-14 05:15:00, None, None, 7.0
-11.0, None, None, 0.1, -20.0, -9.5, 1995-02-14 17:30:00, None, None, 7.0
-13.0, None, None, 2.0, -16.5, -11.0, 1995-02-15 05:15:00, None, None, 10.0
-10.5, None, None, 2.0, -13.0, -8.5, 1995-02-15 17:15:00, None, None, 12.0
-21.0, None, None, 0.0, -21.0, -10.5, 1995-02-16 05:15:00, None, None, 12.0
-17.0, None, None, 0.5, -21.5, -16.5, 1995-02-16 17:15:00, None, None, 12.0
-16.5, None, None, 5.0, -17.0, -16.5, 1995-02-17 05:15:00, None, None, 15.0
-10.0, None, None, 4.0, -17.0, -10.0, 1995-02-17 16:30:00, None, None, 18.0
-11.0, None, None, 0.0, -11.0, -10.0, 1995-02-18 05:30:00, None, None, 18.0
1.5, None, None, 0.0, -12.5, 1.5, 1995-02-18 17:30:00, None, None, 15.0
-5.0, None, None, 0.0, -7.0, 2.0, 1995-02-19 05:30:00, None, None, 15.0
-0.5, None, None, 0.0, -7.0, 9.0, 1995-02-19 17:30:00, None, None, 12.0
6.0, None, None, 0.0, -6.0, 6.0, 1995-02-20 05:15:00, None, None, 9.0
8.5, None, None, 0.0, 5.0, 11.5, 1995-02-20 17:15:00, None, None, 5.0
-8.0, None, None, 0.0, -8.0, 8.5, 1995-02-21 05:15:00, None, None, 5.0
4.5, None, None, 0.0, -9.0, 6.5, 1995-02-21 17:15:00, None, None, 5.0
-9.0, None, None, 0.0, -9.5, 4.5, 1995-02-22 05:15:00, None, None, 4.0
-2.5, None, None, 0.0, -9.0, 9.0, 1995-02-22 17:30:00, None, None, 4.0
-4.5, None, None, 0.0, -6.5, -2.5, 1995-02-23 05:15:00, None, None, 3.0
0.0, None, None, 0.0, -4.5, 3.0, 1995-02-23 18:00:00, None, None, 3.0
-1.5, None, None, 0.0, -1.5, 0.0, 1995-02-24 05:15:00, None, None, 3.0
6.0, None, None, 0.0, -2.5, 8.0, 1995-02-24 17:30:00, None, None, 2.0
-7.0, None, None, 0.0, -7.0, 4.0, 1995-02-25 05:30:00, None, None, 2.0
-2.0, None, None, 0.0, -9.0, -1.0, 1995-02-25 17:30:00, None, None, 2.0
-11.0, None, None, 0.0, -11.0, -3.0, 1995-02-26 05:30:00, None, None, 2.0
-7.0, None, None, 0.0, -13.0, -6.0, 1995-02-26 17:30:00, None, None, 2.0
-18.0, None, None, 0.0, -18.0, -7.0, 1995-02-27 05:15:00, None, None, 2.0
-5.0, None, None, 0.0, -18.5, 1.5, 1995-02-27 17:15:00, None, None, 2.0
-18.0, None, None, 0.0, -18.0, -5.0, 1995-02-28 05:15:00, None, None, 0.0
-5.0, None, None, 0.0, -18.5, -4.0, 1995-02-28 17:15:00, None, None, 0.0
-18.0, None, None, 0.0, -18.0, -5.0, 1995-03-01 05:15:00, None, None, 0.0
-2.5, None, None, 0.0, -18.5, -1.0, 1995-03-01 17:45:00, None, None, 0.0
-16.5, None, None, 0.0, -16.5, -2.5, 1995-03-02 05:15:00, None, None, 0.0
-2.5, None, None, 0.0, -17.5, 2.0, 1995-03-02 17:15:00, None, None, 0.0
-9.5, None, None, 0.0, -9.5, -2.5, 1995-03-03 05:15:00, None, None, 0.0
-10.0, None, None, 0.0, -10.0, -7.0, 1995-03-03 17:30:00, None, None, 0.0
-17.0, None, None, 0.0, -17.0, -7.0, 1995-03-04 05:30:00, None, None, 0.0
-12.5, None, None, 0.0, -18.0, -12.0, 1995-03-04 17:30:00, None, None, 0.0
-24.0, None, None, 0.0, -24.0, -12.0, 1995-03-05 05:30:00, None, None, 0.0
-23.0, None, None, 0.0, -23.0, -12.0, 1995-03-06 05:15:00, None, None, 0.0
-7.5, None, None, 0.0, -24.0, -7.5, 1995-03-06 17:15:00, None, None, 0.0
-19.5, None, None, 0.0, -20.0, -7.5, 1995-03-07 05:15:00, None, None, 0.0
-6.0, None, None, 0.0, -20.5, -5.0, 1995-03-07 17:15:00, None, None, 0.0
-10.0, None, None, 0.0, -10.5, -6.0, 1995-03-08 05:15:00, None, None, 0.0
-4.0, None, None, 1.0, -10.5, -3.5, 1995-03-08 17:15:00, None, None, 1.0
-7.5, None, None, 8.0, -7.5, -4.0, 1995-03-09 05:15:00, None, None, 9.0
-2.0, None, None, 0.0, -8.0, -2.0, 1995-03-09 17:15:00, None, None, 6.0
-3.0, None, None, 0.0, -3.0, 2.5, 1995-03-10 05:15:00, None, None, 4.0
8.5, None, None, 0.0, -4.5, 10.0, 1995-03-10 17:30:00, None, None, 3.0
-5.0, None, None, 0.0, -5.0, 9.0, 1995-03-11 05:30:00, None, None, 3.0
7.5, None, None, 0.0, 5.5, 9.0, 1995-03-11 17:30:00, None, None, 0.0
-2.0, None, None, 0.0, -2.0, 9.0, 1995-03-12 05:30:00, None, None, 3.0
2.5, None, None, 0.0, -3.0, 6.0, 1995-03-12 17:30:00, None, None, 3.0
-7.0, None, None, 0.0, -7.0, 2.5, 1995-03-13 05:15:00, None, None, 0.0
6.5, None, None, 0.0, -7.5, 8.5, 1995-03-13 17:15:00, None, None, 0.0
2.0, None, None, 0.0, 2.0, 6.5, 1995-03-14 05:15:00, None, None, 0.0
9.5, None, None, 0.0, 0.0, 9.5, 1995-03-14 17:15:00, None, None, 0.0
2.0, None, None, 0.0, 2.0, 9.5, 1995-03-15 05:15:00, None, None, 0.0
6.5, None, None, 0.0, 0.0, 8.5, 1995-03-15 17:50:00, None, None, 0.0
-3.0, None, None, 0.0, -3.0, 6.5, 1995-03-16 05:15:00, None, None, 0.0
8.5, None, None, 0.0, -3.0, 9.0, 1995-03-16 17:15:00, None, None, 0.0
-4.0, None, None, 0.0, -5.0, 8.5, 1995-03-17 05:35:00, None, None, 0.0
6.5, None, None, 0.0, -5.0, 8.0, 1995-03-17 17:30:00, None, None, 0.0
-1.0, None, None, 0.0, -1.0, 8.0, 1995-03-18 05:30:00, None, None, 0.0
5.0, None, None, 0.0, -1.0, 8.0, 1995-03-18 17:30:00, None, None, 0.0
-2.0, None, None, 0.0, -4.0, 8.0, 1995-03-19 05:30:00, None, None, 0.0
5.5, None, None, 0.0, -4.0, 7.0, 1995-03-19 17:30:00, None, None, 0.0
-2.5, None, None, 0.0, -4.0, 5.5, 1995-03-20 05:15:00, None, None, 0.0
8.0, None, None, 0.0, -2.5, 10.0, 1995-03-20 17:15:00, None, None, 0.0
-4.5, None, None, 0.0, -5.0, 8.0, 1995-03-21 05:15:00, None, None, 0.0
6.5, None, None, 0.0, -4.0, 9.5, 1995-03-21 17:15:00, None, None, 0.0
-7.0, None, None, 0.0, -7.0, 6.5, 1995-03-22 05:15:00, None, None, 0.0
6.5, None, None, 0.0, -8.5, 7.0, 1995-03-22 17:50:00, None, None, 0.0
-4.0, None, None, 1.0, -4.0, 6.5, 1995-03-23 05:15:00, None, None, 1.0
3.5, None, None, 0.0, -5.0, 7.5, 1995-03-23 17:15:00, None, None, 0.0
-3.0, None, None, 2.0, -3.0, 3.5, 1995-03-24 05:15:00, None, None, 2.0
0.0, None, None, 0.0, -3.5, 1.0, 1995-03-24 17:30:00, None, None, 0.0
-10.0, None, None, 0.0, -10.0, 1.0, 1995-03-25 05:30:00, None, None, 0.0
5.5, None, None, 0.0, -11.0, 7.0, 1995-03-25 17:30:00, None, None, 0.0
-4.0, None, None, 0.0, -4.0, 5.5, 1995-03-26 05:30:00, None, None, 0.0
11.0, None, None, 0.0, -4.0, 11.0, 1995-03-26 15:30:00, None, None, 0.0
-6.5, None, None, 0.0, -6.5, 11.0, 1995-03-27 05:30:00, None, None, 0.0
12.5, None, None, 0.0, -6.5, 13.0, 1995-03-27 16:00:00, None, None, 0.0
-5.0, None, None, 0.0, -6.0, 12.5, 1995-03-28 05:30:00, None, None, 0.0
13.0, None, None, 0.0, -5.0, 14.0, 1995-03-28 16:00:00, None, None, 0.0
-6.5, None, None, 0.0, -6.5, 13.0, 1995-03-29 05:30:00, None, None, 0.0
14.5, None, None, 0.0, -6.5, 16.0, 1995-03-29 16:00:00, None, None, 0.0
-4.0, None, None, 0.0, -4.5, 14.5, 1995-03-30 05:30:00, None, None, 0.0
17.5, None, None, 0.0, -4.0, 18.0, 1995-03-30 16:45:00, None, None, 0.0
-2.0, None, None, 0.0, -2.0, 17.5, 1995-03-31 05:30:00, None, None, 0.0
12.0, None, None, 0.0, -2.0, 14.5, 1995-03-31 17:00:00, None, None, 0.0
-2.0, None, None, 0.0, -2.0, 12.0, 1995-04-01 05:30:00, None, None, 0.0
9.5, None, None, 0.0, -2.5, 10.5, 1995-04-01 16:00:00, None, None, 0.0
1.0, None, None, 0.0, 1.0, 9.5, 1995-04-02 05:30:00, None, None, 0.0
3.5, None, None, 0.0, 0.0, 4.0, 1995-04-02 17:15:00, None, None, 0.0
-1.0, None, None, 0.0, -1.0, 4.0, 1995-04-03 05:15:00, None, None, 0.0
11.5, None, None, 0.0, -2.0, 13.0, 1995-04-03 17:15:00, None, None, 0.0
3.5, None, None, 0.0, 1.0, 11.5, 1995-04-04 05:15:00, None, None, 0.0
5.0, None, None, 0.0, -1.5, 5.5, 1995-04-04 16:15:00, None, None, 0.0
-6.0, None, None, 0.0, -6.0, 6.5, 1995-04-05 05:15:00, None, None, 0.0
6.5, None, None, 0.0, -7.0, 8.0, 1995-04-05 18:00:00, None, None, 0.0
-5.0, None, None, 0.0, -5.0, 6.5, 1995-04-06 05:30:00, None, None, 0.0
11.0, None, None, 0.0, -5.5, 11.0, 1995-04-06 16:30:00, None, None, 0.0
-3.0, None, None, 0.0, -3.0, 11.0, 1995-04-07 05:15:00, None, None, 0.0
11.0, None, None, 0.0, -3.0, 12.0, 1995-04-07 16:30:00, None, None, 0.0
-4.0, None, None, 0.0, -4.0, 11.0, 1995-04-08 05:30:00, None, None, 0.0
7.0, None, None, 0.0, -5.0, 8.5, 1995-04-08 16:45:00, None, None, 0.0
-1.5, None, None, 0.0, -1.5, 8.5, 1995-04-09 05:30:00, None, None, 0.0
5.5, None, None, 0.0, -2.0, 7.5, 1995-04-09 16:30:00, None, None, 0.0
-5.0, None, None, 0.0, -5.0, 7.5, 1995-04-10 05:15:00, None, None, 0.0
3.0, None, None, 0.0, -5.0, 3.0, 1995-04-10 17:00:00, None, None, 0.0
-3.0, None, None, 0.0, -5.5, 3.0, 1995-04-11 06:00:00, None, None, 0.0
5.5, None, None, 0.0, -3.0, 7.0, 1995-04-11 16:00:00, None, None, 0.0
-7.0, None, None, 0.0, -7.0, 5.5, 1995-04-12 06:00:00, None, None, 0.0
8.0, None, None, 0.0, -7.0, 9.0, 1995-04-12 17:30:00, None, None, 0.0
-1.0, None, None, 0.0, -7.0, 8.0, 1995-04-13 06:00:00, None, None, 0.0
4.0, None, None, 0.0, -1.0, 4.0, 1995-04-13 17:30:00, None, None, 0.0
-0.5, None, None, 0.0, -0.5, 4.0, 1995-04-14 06:30:00, None, None, 0.0
6.5, None, None, 0.0, -1.0, 9.0, 1995-04-14 15:30:00, None, None, 0.0
-3.5, None, None, 0.0, -4.5, 6.5, 1995-04-15 06:30:00, None, None, 0.0
7.5, None, None, 0.0, -3.5, 9.0, 1995-04-15 15:00:00, None, None, 0.0
2.0, None, None, 0.0, 1.5, 10.0, 1995-10-15 05:45:00, None, None, 0.0
4.0, None, None, 0.0, 2.0, 4.0, 1995-10-15 15:00:00, None, None, 0.0
2.0, None, None, 0.0, 2.0, 4.0, 1995-10-16 05:30:00, None, None, 0.0
4.0, None, None, 0.0, 1.0, 4.5, 1995-10-16 16:55:00, None, None, 0.0
0.0, None, None, 0.0, -2.5, 4.0, 1995-10-17 05:45:00, None, None, 0.0
8.5, None, None, 0.0, -0.5, 13.5, 1995-10-17 17:35:00, None, None, 0.0
-1.5, None, None, 0.0, -2.5, 8.5, 1995-10-18 05:45:00, None, None, 0.0
7.5, None, None, 0.0, -1.5, 10.5, 1995-10-18 16:30:00, None, None, 0.0
-5.0, None, None, 0.0, -5.0, 7.5, 1995-10-19 05:45:00, None, None, 0.0
6.5, None, None, 0.0, -5.0, 6.5, 1995-10-19 15:50:00, None, None, 0.0
3.0, None, None, 0.0, 3.0, 10.0, 1995-10-20 05:45:00, None, None, 0.0
8.0, None, None, 0.0, 0.0, 10.5, 1995-10-20 15:55:00, None, None, 0.0
0.5, None, None, 0.0, 0.5, 8.0, 1995-10-21 05:50:00, None, None, 0.0
7.0, None, None, 0.0, -1.5, 10.5, 1995-10-21 17:35:00, None, None, 0.0
-5.5, None, None, 0.0, -5.5, 7.0, 1995-10-22 05:50:00, None, None, 0.0
8.0, None, None, 0.0, -6.0, 8.0, 1995-10-22 15:00:00, None, None, 0.0
0.5, None, None, 0.0, 0.5, 7.0, 1995-10-23 05:45:00, None, None, 0.0
6.0, None, None, 0.0, -2.0, 7.0, 1995-10-23 16:50:00, None, None, 0.0
-4.0, None, None, 0.0, -4.0, 6.0, 1995-10-24 05:45:00, None, None, 0.0
6.0, None, None, 0.0, -4.0, 7.5, 1995-10-24 17:10:00, None, None, 0.0
2.5, None, None, 0.0, 1.5, 6.0, 1995-10-25 05:50:00, None, None, 0.0
4.5, None, None, 0.0, 1.5, 6.5, 1995-10-25 16:10:00, None, None, 0.0
-3.0, None, None, 0.0, -3.0, 7.5, 1995-10-26 05:50:00, None, None, 0.0
7.5, None, None, 0.0, -4.5, 8.5, 1995-10-26 17:05:00, None, None, 0.0
-5.5, None, None, 0.0, -6.0, 7.5, 1995-10-27 05:55:00, None, None, 0.0
6.0, None, None, 0.0, -5.5, 6.0, 1995-10-27 15:45:00, None, None, 0.0
-1.5, None, None, 0.0, -1.5, 7.0, 1995-10-28 05:50:00, None, None, 0.0
4.0, None, None, 0.0, -2.0, 6.5, 1995-10-28 16:30:00, None, None, 0.0
-6.0, None, None, 0.0, -7.0, 4.0, 1995-10-29 05:15:00, None, None, 0.0
-4.5, None, None, 0.0, -5.5, 1.0, 1995-10-29 17:30:00, None, None, 0.0
-9.5, None, None, 0.0, -9.5, -4.5, 1995-10-30 05:00:00, None, None, 0.0
-3.5, None, None, 0.0, -10.0, -0.5, 1995-10-30 17:00:00, None, None, 0.0
-5.0, None, None, 0.0, -6.5, -3.0, 1995-10-31 05:30:00, None, None, 0.0
-3.0, None, None, 0.0, -5.5, 2.5, 1995-10-31 17:00:00, None, None, 0.0
-13.0, None, None, 0.0, -13.0, -3.0, 1995-11-01 05:30:00, None, None, 0.0
-5.5, None, None, 0.0, -13.5, 3.5, 1995-11-01 17:00:00, None, None, 0.0
-12.5, None, None, 0.0, -13.0, 5.5, 1995-11-02 05:30:00, None, None, 0.0
-2.5, None, None, 0.0, -14.0, 1.5, 1995-11-02 17:00:00, None, None, 0.0
-11.5, None, None, 0.0, -12.0, 3.0, 1995-11-03 05:15:00, None, None, 0.0
-1.5, None, None, 0.0, -12.0, 2.0, 1995-11-03 17:30:00, None, None, 0.0
2.5, None, None, 0.0, -3.0, 3.5, 1995-11-04 05:00:00, None, None, 0.0
0.0, None, None, 0.0, 0.0, 7.0, 1995-11-04 17:00:00, None, None, 0.0
1.0, None, None, 0.0, 0.0, 2.0, 1995-11-05 05:15:00, None, None, 0.0
-1.0, None, None, 0.1, -4.0, 5.0, 1995-11-05 17:30:00, None, None, 0.1
-6.5, None, None, 0.0, -8.0, -1.0, 1995-11-06 05:30:00, None, None, 0.0
-3.0, None, None, 0.0, -6.5, 0.0, 1995-11-06 17:00:00, None, None, 0.0
-6.5, None, None, 0.0, -6.5, -3.0, 1995-11-07 05:15:00, None, None, 0.0
-3.5, None, None, 0.0, -8.5, -1.5, 1995-11-07 17:30:00, None, None, 0.0
-6.5, None, None, 8.0, -6.5, -3.5, 1995-11-08 05:15:00, None, None, 8.0
-14.0, None, None, 1.0, -15.0, -10.0, 1995-11-09 05:15:00, None, None, 10.0
-19.0, None, None, 1.0, -19.0, -7.0, 1995-11-09 17:30:00, None, None, 10.0
-27.5, None, None, 0.0, -28.0, -14.0, 1995-11-10 05:15:00, None, None, 10.0
-16.5, None, None, 2.0, -27.5, -16.0, 1995-11-10 17:30:00, None, None, 11.0
6.5, None, None, 4.5, -17.5, 6.5, 1995-11-11 05:30:00, None, None, 14.0
-5.0, None, None, 0.0, -10.0, 2.0, 1995-11-11 17:30:00, None, None, 14.0
-6.5, None, None, 0.0, -11.0, -5.0, 1995-11-12 05:15:00, None, None, 13.0
-0.5, None, None, 0.0, -9.5, 2.0, 1995-11-12 17:30:00, None, None, 12.0
1.5, None, None, 0.0, -3.0, 1.5, 1995-11-13 05:15:00, None, None, 12.0
1.0, None, None, 0.0, -2.0, 3.5, 1995-11-13 17:00:00, None, None, 10.0
-2.0, None, None, 0.0, -2.0, 1.0, 1995-11-14 05:15:00, None, None, 10.0
-1.0, None, None, 0.0, -2.0, 4.5, 1995-11-14 17:30:00, None, None, 8.0
-1.5, None, None, 0.0, -2.5, -1.0, 1995-11-15 05:15:00, None, None, 6.0
-1.0, None, None, 0.0, -1.5, 8.5, 1995-11-15 17:30:00, None, None, 3.0
-3.5, None, None, 0.0, -5.0, 8.5, 1995-11-16 05:15:00, None, None, 0.0
0.5, None, None, 0.0, -3.5, 6.0, 1995-11-16 17:30:00, None, None, 0.0
1.0, None, None, 0.0, -3.5, 1.0, 1995-11-17 05:15:00, None, None, 0.0
0.5, None, None, 0.0, -3.0, 4.0, 1995-11-17 17:30:00, None, None, 0.0
4.0, None, None, 0.0, 0.0, 6.0, 1995-11-18 05:15:00, None, None, 0.0
-1.0, None, None, 0.0, -1.5, 6.0, 1995-11-18 17:30:00, None, None, 0.0
-4.5, None, None, 0.0, -4.5, -1.0, 1995-11-19 05:00:00, None, None, 0.0
-4.0, None, None, 0.0, -5.5, 4.0, 1995-11-19 17:30:00, None, None, 0.0
-9.0, None, None, 0.0, -9.0, -4.0, 1995-11-20 05:15:00, None, None, 0.0
-4.5, None, None, 0.0, -10.5, 7.0, 1995-11-20 17:30:00, None, None, 0.0
-6.0, None, None, 0.0, -8.0, -4.5, 1995-11-21 05:15:00, None, None, 0.0
-3.0, None, None, 0.0, -7.0, -0.5, 1995-11-21 17:45:00, None, None, 0.0
-2.0, None, None, 0.0, -3.5, -2.0, 1995-11-22 05:20:00, None, None, 0.0
-1.5, None, None, 0.0, -3.5, 1.0, 1995-11-22 17:30:00, None, None, 0.0
-2.0, None, None, 0.0, -2.0, -1.5, 1995-11-23 05:15:00, None, None, 0.0
-1.0, None, None, 0.0, -2.0, 4.0, 1995-11-23 17:30:00, None, None, 0.0
-1.5, None, None, 0.0, -2.5, -1.0, 1995-11-24 05:15:00, None, None, 0.0
-2.0, None, None, 0.0, -3.0, -1.0, 1995-11-24 17:30:00, None, None, 0.0
-2.0, None, None, 0.0, -2.5, 1.0, 1995-11-25 05:10:00, None, None, 0.0
-1.0, None, None, 0.0, -2.5, 3.0, 1995-11-25 17:30:00, None, None, 0.0
-2.5, None, None, 0.0, -2.5, -1.0, 1995-11-26 05:30:00, None, None, 0.0
-3.5, None, None, 1.0, -3.5, -2.0, 1995-11-26 17:30:00, None, None, 1.0
-5.5, None, None, 0.0, -5.5, -5.0, 1995-11-27 05:30:00, None, None, 0.0
-5.0, None, None, 4.0, -5.5, -1.5, 1995-11-27 17:00:00, None, None, 4.0
-10.5, None, None, 2.0, -10.5, -4.0, 1995-11-28 05:00:00, None, None, 6.0
-11.0, None, None, 8.0, -11.0, -1.5, 1995-11-28 17:30:00, None, None, 12.0
-12.0, None, None, 3.0, -12.0, -11.0, 1995-11-29 05:15:00, None, None, 17.0
-10.5, None, None, 1.0, -12.5, -10.0, 1995-11-29 17:30:00, None, None, 18.0
-10.0, None, None, 2.0, -12.5, -10.0, 1995-11-30 04:00:00, None, None, 18.0
-9.5, None, None, 0.0, -10.0, -2.5, 1995-11-30 17:30:00, None, None, 19.0
-9.5, None, None, 0.0, -10.0, -9.0, 1995-12-01 05:20:00, None, None, 17.0
-5.5, None, None, 0.0, -12.0, -5.0, 1995-12-01 17:30:00, None, None, 17.0
-13.5, None, None, 0.0, -13.5, -5.5, 1995-12-02 05:15:00, None, None, 16.0
-10.0, None, None, 0.0, -15.0, -2.0, 1995-12-02 17:30:00, None, None, 16.0
-5.5, None, None, 0.0, -11.0, -5.0, 1995-12-03 05:20:00, None, None, 15.0
-3.5, None, None, 1.0, -5.5, -2.0, 1995-12-03 17:30:00, None, None, 16.0
-10.5, None, None, 2.0, -10.5, -3.5, 1995-12-04 05:20:00, None, None, 16.0
-15.5, None, None, 0.0, -16.5, -6.5, 1995-12-04 17:30:00, None, None, 16.0
-20.0, None, None, 0.1, -20.0, -15.5, 1995-12-05 05:20:00, None, None, 15.0
-6.0, None, None, 0.1, -21.0, -6.0, 1995-12-05 19:30:00, None, None, 15.0
-7.5, None, None, 0.1, -7.5, -6.0, 1995-12-06 05:15:00, None, None, 15.0
-18.5, None, None, 10.0, -18.5, -7.5, 1995-12-06 17:00:00, None, None, 23.0
-32.5, None, None, 2.0, -32.5, -18.5, 1995-12-07 05:20:00, None, None, 24.0
-32.0, None, None, 0.0, -36.0, -20.0, 1995-12-07 17:30:00, None, None, 24.0
-39.0, None, None, 0.0, -39.0, -32.0, 1995-12-08 05:15:00, None, None, 22.0
-32.5, None, None, 0.0, -39.5, -27.0, 1995-12-08 17:30:00, None, None, 22.0
-36.0, None, None, 0.0, -36.0, -32.5, 1995-12-09 05:15:00, None, None, 21.0
-27.5, None, None, 0.0, -36.5, -27.0, 1995-12-09 17:30:00, None, None, 21.0
-25.0, None, None, 9.0, -27.0, -24.0, 1995-12-10 05:20:00, None, None, 27.0
-19.5, None, None, 9.0, -24.0, -18.0, 1995-12-10 17:30:00, None, None, 35.0
-18.0, None, None, 2.0, -19.5, -16.0, 1995-12-11 05:15:00, None, None, 35.0
-17.0, None, None, 1.0, -19.0, -15.0, 1995-12-11 17:30:00, None, None, 35.0
-17.5, None, None, 4.0, -17.5, -16.0, 1995-12-12 05:30:00, None, None, 28.0
-13.0, None, None, 4.0, -19.0, -13.0, 1995-12-12 17:30:00, None, None, 39.0
-12.0, None, None, 8.0, -13.0, -12.0, 1995-12-13 05:15:00, None, None, 45.0
-11.0, None, None, 9.0, -11.5, -9.0, 1995-12-13 17:30:00, None, None, 50.0
-14.0, None, None, 0.1, -20.0, -11.0, 1995-12-14 05:15:00, None, None, 49.0
-11.5, None, None, 2.0, -13.5, -8.0, 1995-12-14 17:30:00, None, None, 49.0
-13.0, None, None, 0.1, -18.0, -11.5, 1995-12-15 05:15:00, None, None, 47.0
-7.0, None, None, 1.5, -13.0, -7.0, 1995-12-15 17:30:00, None, None, 49.0
-7.5, None, None, 0.1, -9.0, -7.0, 1995-12-16 05:15:00, None, None, 46.0
-7.0, None, None, 0.0, -8.0, -3.0, 1995-12-16 17:30:00, None, None, 46.0
-8.5, None, None, 0.0, -13.0, -8.5, 1995-12-17 05:30:00, None, None, 46.0
0.0, None, None, 1.0, -8.5, 0.0, 1995-12-17 17:30:00, None, None, 44.0
0.0, None, None, 1.0, -1.0, 1.5, 1995-12-18 05:25:00, None, None, 42.0
-2.0, None, None, 0.0, -2.5, 4.5, 1995-12-18 17:30:00, None, None, 42.0
-12.0, None, None, 0.0, -12.0, -2.0, 1995-12-19 05:15:00, None, None, 40.0
-7.5, None, None, 0.0, -13.5, 2.0, 1995-12-19 17:50:00, None, None, 40.0
-5.5, None, None, 2.0, -9.0, -1.5, 1995-12-20 05:15:00, None, None, 42.0
-7.0, None, None, 0.0, -7.0, 0.0, 1995-12-20 17:30:00, None, None, 42.0
-2.5, None, None, 1.0, -8.0, -0.5, 1995-12-21 05:15:00, None, None, 42.0
0.0, None, None, 0.0, -5.5, 4.0, 1995-12-21 17:30:00, None, None, 41.0
1.0, None, None, 0.0, 0.0, 2.0, 1995-12-22 05:15:00, None, None, 39.0
-2.5, None, None, 0.0, -2.5, 0.0, 1995-12-22 17:30:00, None, None, 38.0
-8.0, None, None, 0.0, -9.0, -2.5, 1995-12-23 05:10:00, None, None, 38.0
-9.5, None, None, 0.0, -9.5, -2.5, 1995-12-23 17:30:00, None, None, 37.0
-7.0, None, None, 0.0, -17.0, -7.0, 1995-12-24 05:30:00, None, None, 37.0
-6.5, None, None, 0.0, -8.0, -4.0, 1995-12-24 16:30:00, None, None, 37.0
-23.0, None, None, 0.0, -23.0, -6.5, 1995-12-25 05:50:00, None, None, 37.0
-18.0, None, None, 0.0, -24.5, -6.5, 1995-12-25 17:15:00, None, None, 37.0
-26.0, None, None, 0.0, -26.0, -18.0, 1995-12-26 05:45:00, None, None, 36.0
-14.0, None, None, 0.0, -26.5, -5.5, 1995-12-26 16:40:00, None, None, 36.0
-5.0, None, None, 2.0, -16.0, -4.0, 1995-12-27 05:20:00, None, None, 38.0
-3.0, None, None, 2.0, -5.5, -2.0, 1995-12-27 17:30:00, None, None, 40.0
-16.0, None, None, 0.0, -16.0, -3.0, 1995-12-28 05:15:00, None, None, 39.0
-7.0, None, None, 0.0, -17.5, -2.0, 1995-12-28 17:30:00, None, None, 39.0
-1.5, None, None, 1.0, -7.5, 0.0, 1995-12-29 05:20:00, None, None, 38.0
-2.5, None, None, 1.0, -3.0, -1.0, 1995-12-29 17:30:00, None, None, 39.0
-1.0, None, None, 0.0, -3.0, 0.0, 1995-12-30 05:30:00, None, None, 39.0
-5.5, None, None, 0.0, -5.5, 0.0, 1995-12-30 17:30:00, None, None, 38.0
-4.5, None, None, 0.1, -7.5, -4.5, 1995-12-31 05:15:00, None, None, 39.0
-3.0, None, None, 0.0, -5.0, -1.0, 1995-12-31 17:30:00, None, None, 38.0
-5.5, None, None, 0.0, -5.5, -3.0, 1996-01-01 05:45:00, None, None, 38.0
-0.5, None, None, 4.0, -5.5, 0.0, 1996-01-01 17:30:00, None, None, 42.0
-2.0, None, None, 0.1, -2.0, 0.5, 1996-01-02 05:15:00, None, None, 41.0
-1.5, None, None, 0.0, -2.0, 0.0, 1996-01-02 17:30:00, None, None, 41.0
-9.5, None, None, 0.0, -9.5, -0.5, 1996-01-03 05:20:00, None, None, 41.0
-14.0, None, None, 0.0, -14.0, -10.0, 1996-01-03 17:30:00, None, None, 41.0
-16.5, None, None, 0.0, -16.5, -14.0, 1996-01-04 05:30:00, None, None, 40.0
-21.5, None, None, 0.0, -22.0, -14.0, 1996-01-04 17:30:00, None, None, 40.0
-31.5, None, None, 0.0, -31.5, -21.5, 1996-01-05 05:15:00, None, None, 39.0
-25.0, None, None, 0.1, -32.0, -19.0, 1996-01-05 17:30:00, None, None, 39.0
-16.5, None, None, 5.0, -26.0, -16.5, 1996-01-06 05:30:00, None, None, 43.0
-1.0, None, None, 0.1, -16.5, -1.0, 1996-01-06 17:50:00, None, None, 43.0
-8.0, None, None, 43.0, -8.0, 0.5, 1996-01-07 05:10:00, None, None, 0.0
-3.0, None, None, 0.0, -8.0, 3.0, 1996-01-07 17:30:00, None, None, 41.0
-7.0, None, None, 0.0, -8.5, -3.0, 1996-01-08 05:20:00, None, None, 41.0
2.5, None, None, 0.0, -7.0, 3.0, 1996-01-08 17:30:00, None, None, 41.0
-9.0, None, None, 0.0, -9.0, 2.5, 1996-01-09 05:20:00, None, None, 43.0
1.0, None, None, 0.0, -9.5, 2.0, 1996-01-09 17:30:00, None, None, 41.0
-1.5, None, None, 0.0, -7.0, 1.0, 1996-01-10 05:20:00, None, None, 41.0
4.0, None, None, 0.0, -7.0, 4.5, 1996-01-10 17:30:00, None, None, 41.0
5.0, None, None, 0.0, 4.0, 6.0, 1996-01-11 05:15:00, None, None, 38.0
7.5, None, None, 0.0, 3.0, 8.0, 1996-01-11 17:30:00, None, None, 34.0
5.0, None, None, 0.0, 3.5, 7.5, 1996-01-12 05:20:00, None, None, 34.0
2.5, None, None, 0.0, -1.5, 7.0, 1996-01-12 17:30:00, None, None, 33.0
-4.0, None, None, 0.0, -4.0, 3.0, 1996-01-13 05:20:00, None, None, 31.0
-18.0, None, None, 0.0, -18.0, 2.0, 1996-01-13 17:30:00, None, None, 31.0
-22.5, None, None, 0.0, -22.5, -12.5, 1996-01-14 05:30:00, None, None, 31.0
-22.0, None, None, 0.0, -24.0, -21.0, 1996-01-14 17:30:00, None, None, 31.0
-20.0, None, None, 8.0, -22.0, -20.0, 1996-01-15 05:20:00, None, None, 39.0
-17.5, None, None, 3.0, -20.5, -15.5, 1996-01-15 17:30:00, None, None, 45.0
-19.5, None, None, 4.0, -21.0, -17.0, 1996-01-16 05:30:00, None, None, 47.0
-24.0, None, None, 0.0, -24.0, -16.5, 1996-01-16 17:30:00, None, None, 45.0
-36.5, None, None, 0.0, -36.5, -24.0, 1996-01-17 05:20:00, None, None, 45.0
-30.5, None, None, 0.0, -38.5, -26.0, 1996-01-17 17:30:00, None, None, 45.0
-37.5, None, None, 0.0, -37.5, -30.5, 1996-01-18 05:20:00, None, None, 43.0
-27.5, None, None, 0.0, -39.5, -25.5, 1996-01-18 17:30:00, None, None, 43.0
-37.0, None, None, 0.0, -37.0, -27.5, 1996-01-19 05:20:00, None, None, 42.0
-32.0, None, None, 0.0, -39.0, -25.0, 1996-01-19 17:30:00, None, None, 42.0
-39.0, None, None, 0.0, -39.0, -32.0, 1996-01-20 05:30:00, None, None, 42.0
-28.5, None, None, 0.0, -39.5, -25.0, 1996-01-20 17:30:00, None, None, 42.0
-39.0, None, None, 0.0, -39.0, -39.0, 1996-01-21 05:30:00, None, None, 42.0
-31.0, None, None, 0.0, -40.5, -24.0, 1996-01-21 17:30:00, None, None, 42.0
-37.0, None, None, 0.0, -38.0, -31.0, 1996-01-22 05:20:00, None, None, 42.0
-24.0, None, None, 0.1, -37.5, -23.0, 1996-01-22 17:30:00, None, None, 43.0
-21.0, None, None, 6.0, -24.0, -21.0, 1996-01-23 05:20:00, None, None, 49.0
-17.5, None, None, 0.0, -25.0, -17.0, 1996-01-23 17:30:00, None, None, 48.0
-18.0, None, None, 1.0, -18.5, -17.0, 1996-01-24 05:20:00, None, None, 48.0
-17.5, None, None, 0.0, -18.0, -13.5, 1996-01-24 17:30:00, None, None, 45.0
-18.5, None, None, 0.0, -19.0, -17.5, 1996-01-25 05:20:00, None, None, 45.0
-16.5, None, None, 0.0, -21.5, -13.5, 1996-01-25 17:30:00, None, None, 45.0
-21.0, None, None, 0.1, -27.0, -16.5, 1996-01-26 05:15:00, None, None, 45.0
-17.0, None, None, 0.1, -21.5, -15.0, 1996-01-26 17:30:00, None, None, 44.0
-23.0, None, None, 0.1, -25.0, -17.0, 1996-01-27 05:15:00, None, None, 45.0
-23.0, None, None, 0.0, -25.0, -19.0, 1996-01-27 17:30:00, None, None, 44.0
-36.0, None, None, 0.0, -36.5, -36.0, 1996-01-28 05:30:00, None, None, 45.0
-29.5, None, None, 0.0, -39.0, -21.0, 1996-01-28 17:30:00, None, None, 44.0
-41.0, None, None, 0.0, -41.0, -29.5, 1996-01-29 05:10:00, None, None, 44.0
-31.0, None, None, 0.0, -42.0, -23.5, 1996-01-29 17:30:00, None, None, 44.0
-39.5, None, None, 0.0, -39.5, -31.0, 1996-01-30 05:20:00, None, None, 44.0
-27.5, None, None, 0.0, -40.5, -20.5, 1996-01-30 17:30:00, None, None, 44.0
-35.0, None, None, 0.0, -35.0, -20.5, 1996-01-31 05:15:00, None, None, 44.0
-20.5, None, None, 0.0, -35.5, -18.5, 1996-01-31 17:20:00, None, None, 44.0
-33.0, None, None, 0.0, -33.0, -20.5, 1996-02-01 05:20:00, None, None, 44.0
-24.0, None, None, 0.0, -34.5, -12.5, 1996-02-01 17:50:00, None, None, 44.0
-32.0, None, None, 0.0, -33.0, -24.0, 1996-02-02 05:20:00, None, None, 44.0
-21.0, None, None, 0.0, -34.0, -14.0, 1996-02-02 17:30:00, None, None, 40.0
-21.5, None, None, 0.0, -25.5, -19.5, 1996-02-03 05:25:00, None, None, 40.0
-16.0, None, None, 0.0, -22.0, -8.0, 1996-02-03 17:30:00, None, None, 40.0
-9.0, None, None, 5.0, -20.0, -8.0, 1996-02-04 05:30:00, None, None, 40.0
-4.0, None, None, 1.0, -8.5, -4.0, 1996-02-04 17:30:00, None, None, 48.0
-1.5, None, None, 0.0, -8.5, -1.5, 1996-02-05 05:20:00, None, None, 46.0
5.5, None, None, 0.0, -1.5, 7.0, 1996-02-05 17:30:00, None, None, 43.0
-3.0, None, None, 0.0, -3.5, 6.0, 1996-02-06 05:15:00, None, None, 43.0
-1.0, None, None, 0.0, -5.0, 3.5, 1996-02-06 17:30:00, None, None, 40.0
-3.5, None, None, 0.0, -3.5, -1.0, 1996-02-07 05:15:00, None, None, 38.0
-2.0, None, None, 0.0, -6.5, 7.5, 1996-02-07 17:30:00, None, None, 38.0
0.0, None, None, 0.0, -4.0, 4.0, 1996-02-08 05:15:00, None, None, 38.0
-0.5, None, None, 0.0, -4.0, 4.0, 1996-02-08 17:30:00, None, None, 36.0
-10.0, None, None, 0.0, -10.0, 0.0, 1996-02-09 05:15:00, None, None, 36.0
-5.0, None, None, 0.0, -7.0, 0.0, 1996-02-09 17:30:00, None, None, 36.0
-13.0, None, None, 0.0, -13.5, -5.0, 1996-02-10 05:20:00, None, None, 34.0
-5.5, None, None, 0.0, -13.0, 2.0, 1996-02-10 17:30:00, None, None, 34.0
-14.0, None, None, 0.0, -14.5, -2.0, 1996-02-11 05:30:00, None, None, 34.0
-2.0, None, None, 0.0, -15.0, 4.0, 1996-02-11 17:30:00, None, None, 34.0
-4.0, None, None, 0.0, -8.0, -2.0, 1996-02-12 05:30:00, None, None, 34.0
-0.5, None, None, 0.0, -4.0, 3.5, 1996-02-12 17:10:00, None, None, 32.0
3.0, None, None, 0.0, -4.0, 3.0, 1996-02-13 05:25:00, None, None, 32.0
0.0, None, None, 0.0, -1.0, 8.0, 1996-02-13 17:30:00, None, None, 32.0
-7.0, None, None, 0.0, -7.5, 0.0, 1996-02-14 05:20:00, None, None, 32.0
-1.5, None, None, 0.0, -8.0, 8.5, 1996-02-14 17:30:00, None, None, 30.0
-7.0, None, None, 0.0, -7.0, -1.5, 1996-02-15 05:15:00, None, None, 30.0
-1.0, None, None, 0.0, -10.0, 5.5, 1996-02-15 17:30:00, None, None, 27.0
-6.0, None, None, 0.0, -6.0, -1.0, 1996-02-16 05:20:00, None, None, 27.0
-1.5, None, None, 0.0, -7.5, 5.0, 1996-02-16 17:30:00, None, None, 26.0
-4.5, None, None, 0.0, -8.0, -1.5, 1996-02-17 05:15:00, None, None, 26.0
-0.5, None, None, 0.0, -4.5, 7.0, 1996-02-17 17:30:00, None, None, 26.0
-1.5, None, None, 0.0, -2.5, -1.0, 1996-02-18 05:30:00, None, None, 26.0
0.5, None, None, 0.0, -1.5, 5.0, 1996-02-18 18:30:00, None, None, 26.0
-1.5, None, None, 0.0, -2.0, 0.5, 1996-02-19 05:20:00, None, None, 22.0
3.0, None, None, 0.0, -2.5, 7.5, 1996-02-19 17:30:00, None, None, 22.0
0.0, None, None, 0.0, -2.5, 3.0, 1996-02-20 05:20:00, None, None, 22.0
5.5, None, None, 0.0, -1.5, 8.5, 1996-02-20 17:30:00, None, None, 22.0
-1.0, None, None, 0.0, -1.5, 5.5, 1996-02-21 05:20:00, None, None, 20.0
-1.0, None, None, 0.0, -1.5, 8.5, 1996-02-21 17:30:00, None, None, 20.0
-10.5, None, None, 0.0, -10.5, -1.0, 1996-02-22 05:20:00, None, None, 18.0
-2.0, None, None, 0.1, -11.0, -1.5, 1996-02-22 17:30:00, None, None, 18.0
-4.0, None, None, 0.0, -4.0, -2.0, 1996-02-23 05:20:00, None, None, 16.0
-2.5, None, None, 0.0, -8.0, 1.0, 1996-02-23 17:30:00, None, None, 16.0
-13.0, None, None, 0.0, -13.0, -2.5, 1996-02-24 05:15:00, None, None, 16.0
-9.0, None, None, 0.0, -13.0, -7.0, 1996-02-24 17:30:00, None, None, 16.0
-19.0, None, None, 0.0, -19.0, -9.0, 1996-02-25 05:30:00, None, None, 16.0
-13.0, None, None, 0.0, -20.5, -11.0, 1996-02-25 17:30:00, None, None, 16.0
-24.0, None, None, 0.0, -24.0, -13.0, 1996-02-26 05:20:00, None, None, 14.0
-10.0, None, None, 0.0, -10.0, -7.0, 1996-02-26 17:30:00, None, None, 14.0
-22.0, None, None, 0.0, -22.0, -10.0, 1996-02-27 05:20:00, None, None, 14.0
-4.0, None, None, 0.0, -23.5, -0.5, 1996-02-27 17:30:00, None, None, 14.0
-20.5, None, None, 0.0, -20.5, -4.0, 1996-02-28 05:15:00, None, None, 14.0
-7.5, None, None, 0.0, -22.0, -1.5, 1996-02-28 17:30:00, None, None, 14.0
-16.5, None, None, 0.0, -16.5, -7.5, 1996-02-29 05:15:00, None, None, 14.0
-4.5, None, None, 0.0, -18.0, 2.5, 1996-02-29 17:30:00, None, None, 18.0
-16.0, None, None, 0.0, -16.0, -4.5, 1996-03-01 05:20:00, None, None, 14.0
-2.5, None, None, 0.0, -18.0, 6.0, 1996-03-01 17:30:00, None, None, 14.0
-15.0, None, None, 0.0, -15.0, -2.5, 1996-03-02 05:50:00, None, None, 12.0
0.5, None, None, 0.0, -16.0, 2.0, 1996-03-02 17:30:00, None, None, 12.0
-11.0, None, None, 0.0, -11.0, -1.0, 1996-03-03 05:30:00, None, None, 12.0
-11.0, None, None, 0.0, -14.5, -8.0, 1996-03-03 17:30:00, None, None, 12.0
-18.0, None, None, 0.0, -18.0, -11.0, 1996-03-04 05:50:00, None, None, 12.0
-5.0, None, None, 0.0, -21.0, -4.0, 1996-03-04 17:30:00, None, None, 12.0
-22.0, None, None, 0.0, -22.0, -5.0, 1996-03-05 05:20:00, None, None, 12.0
-6.5, None, None, 0.0, -23.0, -3.0, 1996-03-05 17:30:00, None, None, 12.0
-13.0, None, None, 1.0, -13.0, -6.5, 1996-03-06 05:20:00, None, None, 13.0
-7.5, None, None, 0.0, -15.0, -5.5, 1996-03-06 17:30:00, None, None, 13.0
-16.5, None, None, 0.0, -16.5, -7.5, 1996-03-07 05:20:00, None, None, 13.0
-10.5, None, None, 0.0, -16.5, -7.0, 1996-03-07 17:30:00, None, None, 12.0
-9.0, None, None, 1.0, -10.0, -7.5, 1996-03-08 05:20:00, None, None, 13.0
-1.0, None, None, 0.1, -9.5, 1.0, 1996-03-08 17:30:00, None, None, 13.0
0.0, None, None, 0.0, -3.0, 0.0, 1996-03-09 05:20:00, None, None, 12.0
5.0, None, None, 0.0, -1.0, 6.0, 1996-03-09 17:30:00, None, None, 12.0
-3.5, None, None, 0.0, -3.5, 6.0, 1996-03-10 04:30:00, None, None, 12.0
8.5, None, None, 0.0, -3.5, 11.0, 1996-03-10 17:30:00, None, None, 11.0
-1.5, None, None, 0.0, -1.5, 9.5, 1996-03-11 05:20:00, None, None, 10.0
5.5, None, None, 0.0, -1.5, 7.5, 1996-03-11 17:10:00, None, None, 10.0
-3.0, None, None, 0.0, -3.0, 5.5, 1996-03-12 05:15:00, None, None, 8.0
1.0, None, None, 0.0, -3.0, 6.5, 1996-03-12 17:10:00, None, None, 8.0
-3.5, None, None, 0.0, -4.0, 1.0, 1996-03-13 05:20:00, None, None, 6.0
5.0, None, None, 0.0, -4.0, 6.0, 1996-03-13 17:30:00, None, None, 6.0
-1.0, None, None, 0.0, -1.0, 5.0, 1996-03-14 05:20:00, None, None, 0.0
11.5, None, None, 0.0, -1.0, 15.0, 1996-03-14 17:15:00, None, None, 0.0
2.5, None, None, 0.0, -0.5, 11.5, 1996-03-15 05:25:00, None, None, 0.0
6.0, None, None, 0.0, -1.0, 8.5, 1996-03-15 17:30:00, None, None, 0.0
1.0, None, None, 0.0, -1.5, 6.0, 1996-03-16 05:20:00, None, None, 0.0
1.5, None, None, 0.0, -3.0, 4.0, 1996-03-16 17:30:00, None, None, 0.0
-3.0, None, None, 0.0, -4.0, 1.5, 1996-03-17 05:20:00, None, None, 0.0
6.0, None, None, 0.0, 3.5, 8.0, 1996-03-17 17:30:00, None, None, 0.0
-8.0, None, None, 0.0, -8.0, 6.0, 1996-03-18 05:20:00, None, None, 0.0
9.5, None, None, 0.0, -8.0, 12.5, 1996-03-18 17:30:00, None, None, 0.0
5.5, None, None, 0.0, 1.5, 9.5, 1996-03-19 05:20:00, None, None, 0.0
7.5, None, None, 0.0, 4.5, 9.5, 1996-03-19 17:50:00, None, None, 0.0
-5.0, None, None, 0.0, -5.0, 7.5, 1996-03-20 05:20:00, None, None, 0.0
4.0, None, None, 0.0, -5.5, 10.0, 1996-03-20 17:50:00, None, None, 0.0
-5.5, None, None, 0.0, -5.5, 4.0, 1996-03-21 05:20:00, None, None, 0.0
-3.0, None, None, 0.0, -6.0, 0.0, 1996-03-21 17:30:00, None, None, 0.0
-12.5, None, None, 0.0, -12.5, -3.0, 1996-03-22 05:15:00, None, None, 0.0
-4.5, None, None, 0.0, -13.0, -4.0, 1996-03-22 17:30:00, None, None, 0.0
-15.0, None, None, 0.0, -15.0, -4.5, 1996-03-23 05:15:00, None, None, 0.0
-4.5, None, None, 0.0, -16.0, -3.0, 1996-03-23 17:30:00, None, None, 0.0
-18.0, None, None, 0.0, -18.0, -4.5, 1996-03-24 05:40:00, None, None, 0.0
1.0, None, None, 0.0, -18.5, 1.0, 1996-03-24 16:25:00, None, None, 0.0
-12.0, None, None, 0.0, -14.0, 1.0, 1996-03-25 05:40:00, None, None, 0.0
5.0, None, None, 0.0, -12.5, 5.0, 1996-03-25 16:30:00, None, None, 0.0
-10.0, None, None, 0.0, -10.0, 5.0, 1996-03-26 05:45:00, None, None, 0.0
2.0, None, None, 0.0, -10.0, 10.0, 1996-03-26 16:00:00, None, None, 0.0
-10.0, None, None, 0.0, -10.0, 2.0, 1996-03-27 05:30:00, None, None, 0.0
2.0, None, None, 0.0, -11.0, 2.0, 1996-03-27 16:40:00, None, None, 0.0
-7.5, None, None, 0.0, -10.0, 2.0, 1996-03-28 05:25:00, None, None, 0.0
1.0, None, None, 0.0, -8.0, 2.0, 1996-03-28 16:20:00, None, None, 0.0
-10.0, None, None, 0.0, -10.0, 1.0, 1996-03-29 05:30:00, None, None, 0.0
0.0, None, None, 0.0, -10.5, 0.0, 1996-03-29 16:00:00, None, None, 0.0
-14.5, None, None, 0.0, -14.5, 0.0, 1996-03-30 05:00:00, None, None, 0.0
-3.5, None, None, 0.0, -8.0, 0.0, 1996-03-30 17:50:00, None, None, 0.0
-13.0, None, None, 0.0, -13.0, -3.5, 1996-03-31 05:35:00, None, None, 0.0
0.0, None, None, 0.0, -14.0, 2.0, 1996-03-31 17:25:00, None, None, 0.0
-6.5, None, None, 2.0, -7.0, 0.0, 1996-04-01 05:30:00, None, None, 2.0
8.0, None, None, 0.0, -6.5, 9.0, 1996-04-01 16:00:00, None, None, 0.0
-11.0, None, None, 12.0, -11.0, 8.0, 1996-04-02 05:20:00, None, None, 13.0
4.0, None, None, 0.0, -13.5, 7.0, 1996-04-02 16:35:00, None, None, 0.0
-11.0, None, None, 0.0, -11.5, 4.0, 1996-04-03 05:25:00, None, None, 0.0
6.5, None, None, 0.0, -11.0, 6.5, 1996-04-03 15:00:00, None, None, 0.0
-3.0, None, None, 0.0, -4.5, 6.5, 1996-04-04 05:15:00, None, None, 0.0
2.5, None, None, 0.0, -4.0, 2.5, 1996-04-04 16:15:00, None, None, 0.0
8.0, None, None, 0.0, 8.0, 9.0, 1996-04-05 05:30:00, None, None, 0.0
14.0, None, None, 0.0, 7.5, 16.0, 1996-04-05 17:15:00, None, None, 0.0
-2.0, None, None, 0.0, -2.0, 14.0, 1996-04-06 05:45:00, None, None, 0.0
13.0, None, None, 0.0, -2.0, 14.0, 1996-04-06 16:30:00, None, None, 0.0
-1.0, None, None, 0.0, -2.0, 13.0, 1996-04-07 05:30:00, None, None, 0.0
9.0, None, None, 0.0, -1.5, 11.0, 1996-04-07 16:15:00, None, None, 0.0
1.0, None, None, 0.0, 1.0, 9.0, 1996-04-08 05:40:00, None, None, 0.0
17.5, None, None, 0.0, 1.0, 18.0, 1996-04-08 16:10:00, None, None, 0.0
2.5, None, None, 0.0, 2.5, 17.5, 1996-04-09 05:25:00, None, None, 0.0
7.0, None, None, 0.0, 2.5, 7.0, 1996-04-09 16:30:00, None, None, 0.0
0.5, None, None, 0.0, 0.5, 7.0, 1996-04-10 05:30:00, None, None, 0.0
7.0, None, None, 0.0, 0.0, 7.0, 1996-04-10 16:30:00, None, None, 0.0
-2.5, None, None, 0.0, -3.0, 8.0, 1996-04-11 05:25:00, None, None, 0.0
7.0, None, None, 0.0, -3.0, 8.0, 1996-04-11 16:55:00, None, None, 0.0
1.0, None, None, 0.0, 0.0, 7.0, 1996-04-12 05:20:00, None, None, 0.0
7.0, None, None, 0.0, 1.0, 7.0, 1996-04-12 16:20:00, None, None, 0.0
-2.0, None, None, 0.0, -5.0, 7.0, 1996-04-13 05:35:00, None, None, 0.0
9.0, None, None, 0.0, -2.0, 11.0, 1996-04-13 16:45:00, None, None, 0.0
-4.5, None, None, 0.0, -4.5, 11.0, 1996-04-14 05:35:00, None, None, 0.0
13.0, None, None, 0.0, -5.0, 14.5, 1996-04-14 17:55:00, None, None, 0.0
5.0, None, None, 0.0, 4.0, 13.0, 1996-04-15 05:45:00, None, None, 0.0
13.0, None, None, 0.0, 5.0, 16.5, 1996-04-15 16:30:00, None, None, 0.0
-3.0, None, None, 0.0, -3.5, 6.0, 1996-10-15 06:25:00, None, None, 0.0
3.5, None, None, 0.0, -4.5, 6.0, 1996-10-15 16:30:00, None, None, 0.0
-6.0, None, None, 0.0, -7.0, 3.5, 1996-10-16 06:00:00, None, None, 0.0
5.0, None, None, 0.0, -6.0, 6.0, 1996-10-16 16:40:00, None, None, 0.0
-6.0, None, None, 0.0, -6.0, 1.0, 1996-10-17 06:00:00, None, None, 0.0
3.5, None, None, 0.0, -7.5, 5.0, 1996-10-17 16:30:00, None, None, 0.0
3.0, None, None, 0.0, 0.5, 3.5, 1996-10-18 05:55:00, None, None, 0.0
3.0, None, None, 0.0, 2.0, 4.5, 1996-10-18 16:20:00, None, None, 0.0
-4.5, None, None, 0.0, -4.5, 3.0, 1996-10-19 06:00:00, None, None, 0.0
0.5, None, None, 0.0, -5.0, 2.0, 1996-10-19 16:55:00, None, None, 0.0
-5.0, None, None, 0.0, -7.5, 0.5, 1996-10-20 06:00:00, None, None, 0.0
0.0, None, None, 0.0, -5.5, 3.0, 1996-10-20 16:45:00, None, None, 0.0
2.0, None, None, 0.0, -1.0, 2.0, 1996-10-21 05:50:00, None, None, 0.0
4.5, None, None, 0.0, 2.0, 4.5, 1996-10-21 17:00:00, None, None, 0.0
3.0, None, None, 0.0, 1.0, 4.5, 1996-10-22 05:55:00, None, None, 0.0
6.0, None, None, 0.0, 3.0, 7.0, 1996-10-22 14:45:00, None, None, 0.0
-5.0, None, None, 0.0, -5.0, 6.0, 1996-10-23 05:55:00, None, None, 0.0
1.0, None, None, 0.0, -6.0, 3.5, 1996-10-23 16:45:00, None, None, 0.0
0.5, None, None, 0.0, 0.0, 2.5, 1996-10-24 05:50:00, None, None, 0.0
5.0, None, None, 0.0, -0.5, 7.0, 1996-10-24 16:45:00, None, None, 0.0
-4.0, None, None, 0.0, -5.0, 5.0, 1996-10-25 05:50:00, None, None, 0.0
0.0, None, None, 0.0, -5.5, 5.0, 1996-10-25 18:00:00, None, None, 0.0
-5.0, None, None, 0.0, -6.0, 0.0, 1996-10-26 05:50:00, None, None, 0.0
1.0, None, None, 0.0, -5.5, 2.5, 1996-10-26 17:30:00, None, None, 0.0
0.0, None, None, 0.0, -1.5, 1.0, 1996-10-27 05:45:00, None, None, 0.0
0.0, None, None, 1.0, -2.0, 1.0, 1996-10-27 17:30:00, None, None, 1.0
0.0, None, None, 0.0, -1.0, 1.5, 1996-10-28 05:40:00, None, None, 0.0
-4.5, None, None, 0.0, -4.5, 8.0, 1996-10-28 17:30:00, None, None, 0.0
-4.5, None, None, -12.5, -12.5, 0.0, 1996-10-29 05:40:00, None, None, 0.0
-6.0, None, None, 0.0, -13.0, -1.0, 1996-10-29 17:45:00, None, None, 0.0
-13.0, None, None, 0.0, -13.0, -6.0, 1996-10-30 05:25:00, None, None, 0.0
-6.0, None, None, 0.0, -14.0, 0.0, 1996-10-30 17:30:00, None, None, 0.0
-9.0, None, None, 0.0, -9.5, -6.0, 1996-10-31 05:45:00, None, None, 0.0
-4.0, None, None, 0.0, -9.5, 5.0, 1996-10-31 17:30:00, None, None, 0.0
-6.0, None, None, 0.0, -8.0, -4.0, 1996-11-01 05:45:00, None, None, 0.0
0.0, None, None, 0.0, -6.0, 4.0, 1996-11-01 17:30:00, None, None, 0.0
-1.0, None, None, 0.0, -1.0, -1.0, 1996-11-02 05:45:00, None, None, 0.0
-2.0, None, None, 0.0, -2.0, 3.0, 1996-11-02 17:30:00, None, None, 0.0
-2.0, None, None, 2.0, -3.0, -2.0, 1996-11-03 05:20:00, None, None, 2.0
1.0, None, None, 0.0, -2.0, 6.0, 1996-11-03 17:30:00, None, None, 0.0
-4.0, None, None, 0.0, -4.0, 1.0, 1996-11-04 05:45:00, None, None, 0.0
-3.0, None, None, 0.0, -4.5, 4.5, 1996-11-04 17:30:00, None, None, 0.0
-5.0, None, None, 0.0, -6.0, -3.0, 1996-11-05 05:25:00, None, None, 0.0
0.5, None, None, 2.0, -5.0, 2.0, 1996-11-05 17:30:00, None, None, 2.0
-4.0, None, None, 1.0, -4.0, 0.5, 1996-11-06 05:50:00, None, None, 3.0
-4.5, None, None, 11.0, -4.5, 2.5, 1996-11-06 17:30:00, None, None, 15.0
-9.5, None, None, 0.0, -9.5, -4.5, 1996-11-07 05:50:00, None, None, 14.0
-2.0, None, None, None, -11.0, -2.0, 1996-11-07 17:30:00, None, None, 14.0
-2.0, None, None, 15.0, -2.5, -0.5, 1996-11-08 05:45:00, None, None, 28.0
0.0, None, None, 3.0, 0.0, 0.0, 1996-11-08 17:30:00, None, None, 24.0
-2.0, None, None, 5.0, -2.5, 0.0, 1996-11-09 05:45:00, None, None, 25.0
-1.5, None, None, 0.0, -2.0, -1.0, 1996-11-09 17:30:00, None, None, 21.0
-3.5, None, None, 0.0, -3.5, -0.5, 1996-11-10 05:30:00, None, None, 19.0
-6.5, None, None, 6.0, -6.5, 2.0, 1996-11-10 17:30:00, None, None, 22.0
-7.0, None, None, 0.0, -7.0, -6.5, 1996-11-11 05:20:00, None, None, 21.0
-5.5, None, None, 0.0, -7.5, -4.0, 1996-11-11 17:30:00, None, None, 21.0
-5.0, None, None, 0.0, -6.0, -4.5, 1996-11-12 06:00:00, None, None, 21.0
-3.0, None, None, 0.0, -5.5, -3.0, 1996-11-12 17:30:00, None, None, 17.0
-2.5, None, None, 0.0, -3.0, -2.5, 1996-11-13 05:25:00, None, None, 17.0
-1.5, None, None, 0.0, -2.5, 0.0, 1996-11-13 17:30:00, None, None, 17.0
-1.5, None, None, 0.0, -2.0, -1.5, 1996-11-14 04:00:00, None, None, 17.0
-5.0, None, None, 0.0, -5.0, 0.0, 1996-11-14 17:30:00, None, None, 15.0
-12.0, None, None, 0.0, -12.0, -5.0, 1996-11-15 05:45:00, None, None, 16.0
-12.0, None, None, 0.0, -13.5, -9.0, 1996-11-15 17:30:00, None, None, 16.0
-17.0, None, None, 0.0, -17.0, -9.0, 1996-11-16 05:30:00, None, None, 16.0
-12.0, None, None, 1.0, -19.0, -11.0, 1996-11-16 17:30:00, None, None, 16.0
-15.0, None, None, 2.0, -15.0, -11.5, 1996-11-17 05:30:00, None, None, 20.0
-14.5, None, None, 1.0, -15.0, -12.0, 1996-11-17 17:30:00, None, None, 20.0
-18.0, None, None, 1.0, -18.0, -14.5, 1996-11-18 05:40:00, None, None, 20.0
-16.5, None, None, 0.0, -19.0, -11.5, 1996-11-18 17:30:00, None, None, 20.0
-28.0, None, None, 0.0, -28.0, -16.5, 1996-11-19 06:00:00, None, None, 17.0
-17.0, None, None, 0.0, -29.5, -12.0, 1996-11-19 17:30:00, None, None, 17.0
-19.5, None, None, 0.1, -20.0, -17.0, 1996-11-20 05:20:00, None, None, 17.0
-24.0, None, None, None, -24.0, -17.0, 1996-11-20 17:30:00, None, None, 17.0
-32.0, None, None, 0.0, -32.0, -24.0, 1996-11-21 05:30:00, None, None, 17.0
-26.0, None, None, 0.0, -33.0, -20.0, 1996-11-21 17:30:00, None, None, 17.0
-29.0, None, None, 0.0, -33.0, -26.0, 1996-11-22 05:15:00, None, None, 17.0
-26.0, None, None, 0.0, -31.0, -17.0, 1996-11-22 17:30:00, None, None, 17.0
-32.0, None, None, 0.0, -32.0, -27.0, 1996-11-23 05:30:00, None, None, 17.0
-21.0, None, None, 0.0, -32.5, -20.0, 1996-11-23 17:30:00, None, None, 17.0
-19.0, None, None, 3.0, -22.0, -19.0, 1996-11-24 05:20:00, None, None, 21.0
-15.0, None, None, 0.0, -19.0, -12.0, 1996-11-24 17:30:00, None, None, 23.0
-12.5, None, None, 1.0, -17.5, -12.5, 1996-11-25 05:20:00, None, None, 23.0
-15.0, None, None, 0.0, -15.0, -6.5, 1996-11-25 17:30:00, None, None, 23.0
-5.5, None, None, 0.0, -17.0, -4.0, 1996-11-26 05:25:00, None, None, 22.0
-1.5, None, None, 3.0, -6.5, -1.0, 1996-11-26 17:30:00, None, None, 23.0
0.0, None, None, 2.0, -1.5, 0.0, 1996-11-27 05:30:00, None, None, 25.0
-3.0, None, None, 0.0, -3.5, 3.0, 1996-11-27 17:30:00, None, None, 22.0
-3.0, None, None, 0.0, -4.0, -2.0, 1996-11-28 05:25:00, None, None, 22.0
-9.5, None, None, 0.0, -9.5, 0.0, 1996-11-28 17:30:00, None, None, 22.0
-5.5, None, None, 0.0, -13.0, -5.5, 1996-11-29 05:00:00, None, None, 21.0
-5.0, None, None, 0.0, -6.0, -3.0, 1996-11-29 17:30:00, None, None, 24.0
-2.5, None, None, 2.0, -5.0, -2.5, 1996-11-30 05:20:00, None, None, 25.0
-3.0, None, None, 3.0, -4.5, -1.0, 1996-11-30 17:30:00, None, None, 28.0
-1.5, None, None, 1.0, -5.0, -1.5, 1996-12-01 05:30:00, None, None, 28.0
-4.5, None, None, 2.0, -4.5, -1.0, 1996-12-01 17:30:00, None, None, 29.0
-19.5, None, None, 0.0, -20.0, -4.5, 1996-12-02 05:15:00, None, None, 26.0
-10.5, None, None, 1.0, -22.0, -10.0, 1996-12-02 17:30:00, None, None, 27.0
-12.0, None, None, 1.0, -12.0, -10.5, 1996-12-03 03:00:00, None, None, 27.0
-12.0, None, None, 1.0, -12.0, -10.5, 1996-12-03 05:20:00, None, None, 27.0
-10.0, None, None, 0.0, -15.0, -3.0, 1996-12-03 17:30:00, None, None, 24.0
-2.5, None, None, 0.0, -10.0, -2.5, 1996-12-04 05:10:00, None, None, 24.0
-2.5, None, None, 0.0, -3.0, -1.0, 1996-12-04 17:30:00, None, None, 24.0
-3.0, None, None, 0.0, -3.5, -2.5, 1996-12-05 05:20:00, None, None, 24.0
-7.5, None, None, 0.0, -7.5, -1.0, 1996-12-05 17:30:00, None, None, 24.0
-15.0, None, None, 0.0, -15.0, -7.0, 1996-12-06 05:35:00, None, None, 23.0
-9.0, None, None, 0.0, -16.0, 0.0, 1996-12-06 17:30:00, None, None, 28.0
-15.0, None, None, 2.0, -15.0, -5.0, 1996-12-07 05:30:00, None, None, 30.0
-6.0, None, None, 3.0, -15.5, -6.0, 1996-12-07 18:00:00, None, None, 29.0
-12.5, None, None, 0.0, -18.5, -9.0, 1996-12-08 17:30:00, None, None, 30.0
-15.0, None, None, 5.0, -16.5, -8.0, 1996-12-09 05:20:00, None, None, 34.0
-7.0, None, None, 0.0, -14.5, -6.0, 1996-12-09 17:30:00, None, None, 32.0
-12.0, None, None, 0.0, -12.0, -7.0, 1996-12-10 05:20:00, None, None, 31.0
-9.0, None, None, 0.1, -12.5, -1.5, 1996-12-10 17:30:00, None, None, 31.0
-12.0, None, None, 0.1, -13.5, -9.0, 1996-12-11 05:15:00, None, None, 31.0
-5.5, None, None, 0.0, -16.5, -5.0, 1996-12-11 17:30:00, None, None, 31.0
-5.0, None, None, 0.0, -6.0, 0.5, 1996-12-12 05:20:00, None, None, 31.0
-12.0, None, None, 0.0, -12.0, -0.5, 1996-12-12 17:30:00, None, None, 31.0
-20.5, None, None, 0.0, -21.0, -12.0, 1996-12-13 05:20:00, None, None, 30.0
-9.5, None, None, 3.0, -21.5, -9.5, 1996-12-13 17:30:00, None, None, 32.0
-18.0, None, None, 2.0, -20.0, -11.0, 1996-12-14 05:30:00, None, None, 30.0
-2.0, None, None, 2.0, -20.0, -2.0, 1996-12-14 17:30:00, None, None, 34.0
-2.0, None, None, 1.0, -3.0, -2.0, 1996-12-15 05:30:00, None, None, 36.0
-4.0, None, None, 5.0, -4.0, -2.0, 1996-12-15 17:30:00, None, None, 41.0
-16.0, None, None, 0.0, -19.5, -4.0, 1996-12-16 05:20:00, None, None, 40.0
-18.5, None, None, 0.0, -18.5, -8.5, 1996-12-16 17:30:00, None, None, 37.0
-18.0, None, None, 0.1, -23.0, -18.0, 1996-12-17 05:10:00, None, None, 37.0
-7.5, None, None, 0.1, -18.0, -7.5, 1996-12-17 17:30:00, None, None, 37.0
-6.5, None, None, 0.1, -8.0, -6.5, 1996-12-18 05:20:00, None, None, 35.0
-4.0, None, None, 0.0, -7.0, -4.0, 1996-12-18 17:30:00, None, None, 35.0
-3.5, None, None, 0.0, -7.5, -3.5, 1996-12-19 05:20:00, None, None, 34.0
-3.0, None, None, 6.0, -4.0, -3.0, 1996-12-19 17:30:00, None, None, 41.0
-4.0, None, None, 12.0, -4.5, -4.0, 1996-12-20 05:15:00, None, None, 50.0
-13.5, None, None, 5.0, -13.5, -5.0, 1996-12-20 17:30:00, None, None, 56.0
-19.0, None, None, 2.0, -19.0, -9.0, 1996-12-21 05:30:00, None, None, 50.0
-19.5, None, None, 0.1, -21.0, 19.5, 1996-12-21 17:30:00, None, None, 53.0
-23.0, None, None, 0.1, -23.0, -21.0, 1996-12-22 05:30:00, None, None, 53.0
-23.0, None, None, 0.1, -24.0, -22.0, 1996-12-22 17:30:00, None, None, 53.0
-25.5, None, None, 0.1, -29.0, -24.0, 1996-12-23 05:20:00, None, None, 50.0
-29.0, None, None, 0.0, -29.0, -23.0, 1996-12-23 17:30:00, None, None, 50.0
-22.5, None, None, 0.1, -31.5, -22.5, 1996-12-24 05:15:00, None, None, 50.0
-20.5, None, None, 2.0, -22.5, -20.0, 1996-12-24 17:00:00, None, None, 52.0
-34.0, None, None, 0.0, -34.0, -20.5, 1996-12-25 05:00:00, None, None, 52.0
-23.0, None, None, 0.0, -35.5, -21.0, 1996-12-25 15:25:00, None, None, 51.0
-38.5, None, None, 0.0, -39.0, -23.0, 1996-12-26 05:20:00, None, None, 50.0
-34.0, None, None, 0.0, -39.0, -22.0, 1996-12-26 17:00:00, None, None, 50.0
-34.0, None, None, -42.0, -42.0, 0.0, 1996-12-27 05:30:00, None, None, 0.0
-35.0, None, None, 0.0, -39.0, -28.0, 1996-12-27 17:25:00, None, None, 50.0
-39.0, None, None, 0.0, -39.0, -33.0, 1996-12-28 05:30:00, None, None, 50.0
-37.5, None, None, 0.0, -42.0, -28.0, 1996-12-28 17:30:00, None, None, 49.0
-40.0, None, None, 0.0, -42.0, -40.0, 1996-12-29 05:30:00, None, None, 49.0
-30.0, None, None, 1.0, -40.0, -30.0, 1996-12-29 17:30:00, None, None, 50.0
-26.0, None, None, 6.0, -30.0, -26.0, 1996-12-30 05:20:00, None, None, 31.0
-23.0, None, None, 10.0, -30.0, -23.0, 1996-12-30 17:30:00, None, None, 59.0
-21.0, None, None, 3.0, -23.0, -21.0, 1996-12-31 05:25:00, None, None, 57.0
-17.5, None, None, 1.0, -21.0, -17.0, 1996-12-31 17:00:00, None, None, 57.0
-17.0, None, None, 4.0, -17.5, -15.0, 1997-01-01 06:00:00, None, None, 57.0
-15.0, None, None, 4.0, -15.0, -8.0, 1997-01-01 17:35:00, None, None, 62.0
-12.0, None, None, 0.0, -15.0, -11.0, 1997-01-02 05:15:00, None, None, 60.0
-9.0, None, None, 0.0, -14.5, -6.5, 1997-01-02 17:00:00, None, None, 60.0
-5.0, None, None, 3.0, -10.0, -5.0, 1997-01-03 05:20:00, None, None, 62.0
-8.0, None, None, 0.0, -8.0, -5.0, 1997-01-03 17:30:00, None, None, 61.0
-9.0, None, None, 0.0, -9.0, -8.0, 1997-01-04 05:30:00, None, None, 62.0
-17.0, None, None, 0.0, -17.0, -9.0, 1997-01-04 17:30:00, None, None, 62.0
-20.0, None, None, 0.0, -25.0, -20.0, 1997-01-05 05:30:00, None, None, 62.0
-6.5, None, None, 0.0, -20.0, -6.5, 1997-01-05 17:30:00, None, None, 62.0
-3.0, None, None, 0.0, -6.5, -2.5, 1997-01-06 05:20:00, None, None, 38.0
-1.5, None, None, 12.0, -6.5, -1.5, 1997-01-06 17:30:00, None, None, 69.0
-11.0, None, None, 0.0, -11.0, -1.5, 1997-01-07 05:20:00, None, None, 64.0
-2.5, None, None, 1.0, -13.0, -2.5, 1997-01-07 17:30:00, None, None, 64.0
-0.5, None, None, 1.0, -3.0, -0.5, 1997-01-08 05:15:00, None, None, 63.0
0.0, None, None, 1.0, -0.5, 0.0, 1997-01-08 17:30:00, None, None, 61.0
-2.0, None, None, 2.0, -2.0, -0.5, 1997-01-09 05:25:00, None, None, 61.0
-2.5, None, None, 5.0, -3.5, -2.5, 1997-01-09 17:30:00, None, None, 64.0
-4.0, None, None, 0.0, -5.0, -2.5, 1997-01-10 05:15:00, None, None, 62.0
-9.0, None, None, 0.0, -9.0, -3.0, 1997-01-10 17:30:00, None, None, 64.0
-12.0, None, None, 0.0, -15.0, -9.0, 1997-01-11 05:30:00, None, None, 64.0
-9.0, None, None, 0.0, -14.0, -8.0, 1997-01-11 17:30:00, None, None, 64.0
-8.5, None, None, 0.0, -9.5, -8.5, 1997-01-12 05:30:00, None, None, 64.0
-7.5, None, None, 0.0, -9.0, -3.0, 1997-01-12 17:30:00, None, None, 64.0
-6.0, None, None, 0.0, -7.5, -6.0, 1997-01-13 05:20:00, None, None, 62.0
-5.5, None, None, 0.0, -6.5, -3.0, 1997-01-13 17:30:00, None, None, 60.0
-5.5, None, None, 0.0, -6.0, -5.5, 1997-01-14 05:20:00, None, None, 60.0
-5.5, None, None, 0.0, -6.5, -5.0, 1997-01-14 17:30:00, None, None, 60.0
-9.0, None, None, 0.0, -9.0, -5.5, 1997-01-15 05:20:00, None, None, 60.0
-9.0, None, None, 0.0, -10.5, -9.0, 1997-01-15 17:30:00, None, None, 60.0
-9.0, None, None, 0.0, -10.0, -9.0, 1997-01-16 05:15:00, None, None, 60.0
-7.0, None, None, 0.0, -10.0, -5.0, 1997-01-16 17:30:00, None, None, 60.0
-1.0, None, None, 0.1, -7.0, -1.0, 1997-01-17 05:15:00, None, None, 60.0
-4.5, None, None, 3.0, -4.5, 1.5, 1997-01-17 17:30:00, None, None, 63.0
-16.0, None, None, 3.0, -16.0, -5.0, 1997-01-18 05:30:00, None, None, 60.0
-4.0, None, None, 3.0, -4.0, -3.0, 1997-01-19 05:30:00, None, None, 66.0
-2.0, None, None, 2.0, -3.5, -2.0, 1997-01-19 17:30:00, None, None, 64.0
-1.5, None, None, 0.0, -2.0, -1.0, 1997-01-20 05:20:00, None, None, 63.0
-0.5, None, None, 0.0, -1.5, 1.0, 1997-01-20 17:30:00, None, None, 56.0
-4.5, None, None, 0.1, -4.5, -0.5, 1997-01-21 05:15:00, None, None, 56.0
-6.0, None, None, 2.0, -6.0, -5.0, 1997-01-21 17:30:00, None, None, 64.0
-5.5, None, None, 6.0, -9.0, -5.5, 1997-01-22 05:15:00, None, None, 70.0
-8.0, None, None, 0.0, -8.0, -4.5, 1997-01-22 17:30:00, None, None, 70.0
-18.0, None, None, 0.0, -18.0, -8.0, 1997-01-23 05:15:00, None, None, 70.0
-19.5, None, None, 0.0, -19.5, -16.5, 1997-01-23 17:30:00, None, None, 70.0
-25.0, None, None, 0.0, -25.0, -19.5, 1997-01-24 05:15:00, None, None, 68.0
-30.0, None, None, 0.1, -33.0, -26.0, 1997-01-24 17:30:00, None, None, 66.0
-40.5, None, None, 0.0, -40.5, -26.0, 1997-01-25 05:30:00, None, None, 68.0
-34.0, None, None, 0.0, -42.0, -27.0, 1997-01-25 17:30:00, None, None, 68.0
-42.5, None, None, 0.0, -42.5, -42.0, 1997-01-26 05:30:00, None, None, 68.0
-27.5, None, None, 0.0, -43.0, -26.0, 1997-01-26 17:30:00, None, None, 67.0
-21.0, None, None, 0.1, -28.0, -21.0, 1997-01-27 05:15:00, None, None, 68.0
-14.5, None, None, 0.0, -21.0, -14.5, 1997-01-27 17:30:00, None, None, 68.0
-10.0, None, None, 12.0, -14.5, -10.0, 1997-01-28 05:20:00, None, None, 77.0
-7.5, None, None, 1.0, -14.5, -0.5, 1997-01-28 17:30:00, None, None, 77.0
-0.5, None, None, 1.0, -8.5, -0.5, 1997-01-29 05:20:00, None, None, 77.0
4.5, None, None, 0.0, -0.5, 6.0, 1997-01-29 17:30:00, None, None, 75.0
3.5, None, None, 0.0, 2.0, 3.5, 1997-01-30 05:20:00, None, None, 73.0
7.0, None, None, 0.0, 3.0, 9.5, 1997-01-30 17:30:00, None, None, 63.0
-3.0, None, None, 0.0, -3.0, 7.0, 1997-01-31 05:20:00, None, None, 63.0
-3.0, None, None, 0.0, -5.0, 6.0, 1997-01-31 17:30:00, None, None, 63.0
-12.0, None, None, 0.0, -12.0, -6.0, 1997-02-01 05:30:00, None, None, 63.0
-2.5, None, None, 4.0, -13.0, 0.0, 1997-02-01 17:30:00, None, None, 65.0
-7.0, None, None, 0.0, -7.0, -6.0, 1997-02-02 05:30:00, None, None, 65.0
-7.5, None, None, 0.0, -9.5, 2.0, 1997-02-02 17:30:00, None, None, 65.0
-19.5, None, None, 0.0, -19.5, -7.5, 1997-02-03 05:20:00, None, None, 65.0
-11.0, None, None, 0.0, -20.5, 0.0, 1997-02-03 17:30:00, None, None, 65.0
-20.5, None, None, 0.0, -20.5, -11.0, 1997-02-04 05:15:00, None, None, 65.0
-7.0, None, None, 0.0, -21.5, 0.0, 1997-02-04 17:30:00, None, None, 65.0
-7.0, None, None, 0.0, -9.0, -7.0, 1997-02-05 05:20:00, None, None, 65.0
-7.0, None, None, 0.0, -12.5, 1.0, 1997-02-05 17:30:00, None, None, 65.0
-17.0, None, None, 0.0, -17.0, -7.0, 1997-02-06 05:15:00, None, None, 65.0
-6.0, None, None, 0.0, -18.0, 2.0, 1997-02-06 17:30:00, None, None, 65.0
-5.0, None, None, 0.0, -8.0, -5.0, 1997-02-07 05:15:00, None, None, 64.0
-4.0, None, None, 0.0, -11.0, 4.0, 1997-02-07 17:30:00, None, None, 64.0
-12.0, None, None, 0.0, -12.0, 2.0, 1997-02-08 05:30:00, None, None, 60.0
-6.0, None, None, 0.0, -10.0, 1.5, 1997-02-08 17:30:00, None, None, 64.0
-18.0, None, None, 0.0, -18.0, -17.5, 1997-02-09 05:30:00, None, None, 64.0
-10.5, None, None, 0.0, -18.0, -4.0, 1997-02-09 17:30:00, None, None, 64.0
-15.0, None, None, 0.0, -17.0, -10.5, 1997-02-10 05:15:00, None, None, 62.0
-6.5, None, None, 0.0, -17.5, -1.0, 1997-02-10 17:30:00, None, None, 62.0
-20.0, None, None, 0.0, -20.0, -6.5, 1997-02-11 05:15:00, None, None, 62.0
-2.5, None, None, 0.0, -20.5, -2.5, 1997-02-11 17:30:00, None, None, 62.0
-7.0, None, None, 4.0, -8.0, -7.0, 1997-02-12 05:20:00, None, None, 67.0
-3.0, None, None, 0.0, -7.0, -1.0, 1997-02-12 17:30:00, None, None, 67.0
-4.0, None, None, 3.0, -6.0, -3.0, 1997-02-13 05:15:00, None, None, 69.0
-0.5, None, None, 5.0, -4.0, 3.5, 1997-02-13 17:30:00, None, None, 77.0
1.5, None, None, 0.0, -2.0, 1.5, 1997-02-14 05:35:00, None, None, 73.0
1.0, None, None, 0.0, 1.0, 4.0, 1997-02-14 17:30:00, None, None, 70.0
1.5, None, None, 0.0, 0.0, 1.5, 1997-02-15 05:15:00, None, None, 70.0
4.0, None, None, 0.0, 0.5, 5.0, 1997-02-15 17:30:00, None, None, 63.0
6.5, None, None, None, 3.0, 6.5, 1997-02-16 05:30:00, None, None, 62.0
5.5, None, None, 0.0, 3.0, 9.0, 1997-02-16 17:15:00, None, None, 56.0
2.0, None, None, 0.0, -0.5, 7.0, 1997-02-17 17:30:00, None, None, 53.0
-0.5, None, None, 0.0, -2.0, 2.0, 1997-02-18 05:20:00, None, None, 53.0
2.5, None, None, 0.0, -3.5, 4.5, 1997-02-18 17:30:00, None, None, 51.0
-0.5, None, None, 0.0, -0.5, 2.5, 1997-02-19 05:15:00, None, None, 51.0
1.0, None, None, 0.0, -4.5, 7.0, 1997-02-19 17:30:00, None, None, 50.0
-1.5, None, None, 0.0, -4.0, 1.0, 1997-02-20 05:15:00, None, None, 50.0
1.5, None, None, 0.0, -2.0, 4.5, 1997-02-20 17:30:00, None, None, 48.0
-2.0, None, None, 0.0, -2.0, 1.5, 1997-02-21 05:15:00, None, None, 48.0
1.5, None, None, 0.0, -2.0, 4.0, 1997-02-21 17:30:00, None, None, 48.0
0.5, None, None, 1.0, 0.0, 1.5, 1997-02-22 05:20:00, None, None, 50.0
2.0, None, None, 0.0, 0.0, 5.0, 1997-02-22 17:30:00, None, None, 47.0
-1.5, None, None, 0.0, -1.5, 0.0, 1997-02-23 05:30:00, None, None, 47.0
1.0, None, None, 0.0, -3.0, 7.0, 1997-02-23 17:30:00, None, None, 47.0
-7.5, None, None, 0.0, -7.5, 1.0, 1997-02-24 05:10:00, None, None, 47.0
1.0, None, None, 0.0, -8.0, 8.0, 1997-02-24 17:30:00, None, None, 45.0
-4.0, None, None, 0.0, -4.0, 1.0, 1997-02-25 05:10:00, None, None, 45.0
-1.5, None, None, 0.0, -4.5, 6.0, 1997-02-25 17:30:00, None, None, 45.0
-2.0, None, None, 5.0, -3.5, -1.5, 1997-02-26 05:20:00, None, None, 50.0
-1.5, None, None, 0.0, -2.5, 1.0, 1997-02-26 17:30:00, None, None, 50.0
-14.5, None, None, 0.1, -14.5, -1.5, 1997-02-27 05:20:00, None, None, 50.0
-4.0, None, None, 0.0, -16.0, 1.5, 1997-02-27 17:30:00, None, None, 50.0
-8.0, None, None, 0.0, -13.0, -4.0, 1997-02-28 05:15:00, None, None, 50.0
0.5, None, None, 1.0, -8.0, 0.5, 1997-02-28 17:30:00, None, None, 50.0
-0.5, None, None, 0.0, -2.5, 0.5, 1997-03-01 05:30:00, None, None, 50.0
-5.0, None, None, 7.0, -5.0, -1.0, 1997-03-01 17:30:00, None, None, 58.0
-12.5, None, None, 2.0, -13.5, -8.0, 1997-03-02 05:15:00, None, None, 70.0
-10.0, None, None, 5.0, -10.0, -5.0, 1997-03-02 05:30:00, None, None, 65.0
-8.0, None, None, 7.0, -10.0, 7.5, 1997-03-02 17:35:00, None, None, 69.0
-10.0, None, None, 1.0, -13.5, -4.0, 1997-03-03 17:30:00, None, None, 68.0
-21.0, None, None, 0.0, -25.0, -10.0, 1997-03-04 05:15:00, None, None, 69.0
-6.5, None, None, 0.0, -22.5, -5.5, 1997-03-04 17:30:00, None, None, 59.0
-10.0, None, None, 0.1, -12.5, -6.5, 1997-03-05 05:10:00, None, None, 69.0
-4.0, None, None, 0.0, -12.0, 0.0, 1997-03-05 17:30:00, None, None, 69.0
-4.5, None, None, 2.0, -6.0, -4.0, 1997-03-06 05:45:00, None, None, 69.0
2.0, None, None, 0.0, -4.5, 4.0, 1997-03-06 17:30:00, None, None, 61.0
-2.0, None, None, 0.0, -3.0, 2.0, 1997-03-07 05:15:00, None, None, 57.0
3.0, None, None, 0.0, -2.5, 3.0, 1997-03-07 17:30:00, None, None, 57.0
-11.0, None, None, 0.0, -11.0, 3.0, 1997-03-08 05:15:00, None, None, 57.0
-0.5, None, None, 0.0, -11.5, 5.0, 1997-03-08 17:30:00, None, None, 56.0
2.0, None, None, 0.1, -4.5, 2.0, 1997-03-09 05:20:00, None, None, 57.0
6.0, None, None, 0.0, -4.5, 8.0, 1997-03-09 17:30:00, None, None, 56.0
1.5, None, None, 0.1, 1.0, 6.0, 1997-03-10 05:15:00, None, None, 55.0
0.5, None, None, 0.0, -2.5, 7.5, 1997-03-10 17:30:00, None, None, 55.0
-5.0, None, None, 0.0, -7.5, 0.5, 1997-03-11 05:15:00, None, None, 54.0
-3.5, None, None, 0.0, -5.5, 0.0, 1997-03-11 17:30:00, None, None, 54.0
-12.0, None, None, 0.0, -12.0, -3.5, 1997-03-12 05:15:00, None, None, 53.0
-7.0, None, None, 0.0, -13.0, -4.5, 1997-03-12 17:30:00, None, None, 53.0
-16.5, None, None, 1.0, -16.5, -7.0, 1997-03-13 05:10:00, None, None, 53.0
-8.0, None, None, 0.0, -18.5, -5.5, 1997-03-13 17:30:00, None, None, 53.0
-23.0, None, None, 0.0, -23.5, -8.0, 1997-03-14 05:10:00, None, None, 52.0
-3.5, None, None, 0.0, -24.5, -2.0, 1997-03-14 17:30:00, None, None, 52.0
-17.0, None, None, 0.0, -19.0, -9.0, 1997-03-15 05:30:00, None, None, 52.0
-1.0, None, None, 0.0, -20.0, 2.0, 1997-03-15 17:30:00, None, None, 52.0
-12.0, None, None, 0.0, -12.0, -1.0, 1997-03-16 05:20:00, None, None, 22.0
0.5, None, None, 0.0, -13.0, 4.0, 1997-03-16 17:30:00, None, None, 52.0
-13.0, None, None, 0.0, -14.0, 0.5, 1997-03-17 05:15:00, None, None, 52.0
7.0, None, None, 0.0, -14.0, 8.5, 1997-03-17 17:30:00, None, None, 52.0
7.0, None, None, 0.0, 3.5, 7.5, 1997-03-18 05:10:00, None, None, 50.0
11.0, None, None, 0.0, 7.0, 15.5, 1997-03-18 17:30:00, None, None, 42.0
5.0, None, None, 0.0, 1.0, 11.0, 1997-03-19 05:15:00, None, None, 42.0
6.0, None, None, 0.0, 4.5, 14.0, 1997-03-19 17:40:00, None, None, 33.0
-3.0, None, None, 0.0, -4.0, 6.0, 1997-03-20 05:15:00, None, None, 32.0
4.0, None, None, 0.0, -3.0, 8.0, 1997-03-20 17:30:00, None, None, 32.0
-6.5, None, None, 0.0, -6.5, 4.0, 1997-03-21 05:15:00, None, None, 30.0
5.0, None, None, 0.0, -8.0, 6.5, 1997-03-21 17:30:00, None, None, 28.0
-1.0, None, None, 0.0, -2.0, 5.0, 1997-03-22 05:15:00, None, None, 28.0
5.0, None, None, 0.0, -1.5, 7.0, 1997-03-22 17:40:00, None, None, 28.0
1.5, None, None, 0.1, -0.5, 5.0, 1997-03-23 05:15:00, None, None, 28.0
6.5, None, None, 0.0, 1.5, 7.5, 1997-03-23 18:00:00, None, None, 24.0
-2.5, None, None, 0.0, -5.0, 6.5, 1997-03-24 05:10:00, None, None, 24.0
4.0, None, None, 0.0, -2.5, 4.5, 1997-03-24 17:30:00, None, None, 33.0
0.0, None, None, 0.0, -1.5, 0.0, 1997-03-25 05:15:00, None, None, 26.0
7.0, None, None, 0.0, 4.5, 10.0, 1997-03-25 17:30:00, None, None, 25.0
-3.0, None, None, 0.0, -3.0, 7.0, 1997-03-26 05:05:00, None, None, 25.0
4.5, None, None, 0.0, -3.5, 10.0, 1997-03-26 17:30:00, None, None, 22.0
-8.0, None, None, 0.0, -8.0, 4.5, 1997-03-27 05:15:00, None, None, 22.0
7.0, None, None, 0.0, -8.0, 7.5, 1997-03-27 17:10:00, None, None, 20.0
-1.5, None, None, 0.0, -2.0, 7.0, 1997-03-28 05:45:00, None, None, 20.0
7.5, None, None, 0.0, -1.5, 9.0, 1997-03-28 17:30:00, None, None, 17.0
3.0, None, None, 0.0, 3.0, 7.5, 1997-03-29 06:40:00, None, None, 17.0
6.0, None, None, 0.0, 3.0, 8.5, 1997-03-29 17:00:00, None, None, 15.0
-1.0, None, None, 0.0, -1.0, 2.5, 1997-03-30 05:45:00, None, None, 14.0
4.5, None, None, 4.0, -1.0, 10.5, 1997-03-30 17:30:00, None, None, 12.0
3.5, None, None, 0.0, -2.0, 7.0, 1997-03-31 05:30:00, None, None, 9.0
2.5, None, None, 0.0, 2.5, 5.0, 1997-03-31 17:45:00, None, None, 5.0
-2.5, None, None, 0.0, -2.5, 2.5, 1997-04-01 05:45:00, None, None, 5.0
7.5, None, None, 0.0, -2.5, 8.0, 1997-04-01 17:20:00, None, None, 0.0
4.0, None, None, 0.0, -0.5, 7.5, 1997-04-02 05:50:00, None, None, 0.0
9.0, None, None, 0.0, 4.0, 9.0, 1997-04-02 16:50:00, None, None, 0.0
-1.0, None, None, 0.0, -1.0, 9.0, 1997-04-03 05:40:00, None, None, 0.0
4.0, None, None, 0.0, -2.0, 5.0, 1997-04-03 16:40:00, None, None, 0.0
-8.0, None, None, 0.0, -8.0, 4.0, 1997-04-04 05:30:00, None, None, 0.0
6.0, None, None, 0.0, -8.0, 6.5, 1997-04-04 16:30:00, None, None, 0.0
-9.0, None, None, 0.0, -9.0, 6.0, 1997-04-05 05:45:00, None, None, 0.0
8.0, None, None, 0.0, -9.0, 10.0, 1997-04-05 17:30:00, None, None, 0.0
-7.5, None, None, 0.0, -7.5, 8.0, 1997-04-06 05:50:00, None, None, 0.0
9.5, None, None, 0.0, -8.0, 10.0, 1997-04-06 17:45:00, None, None, 0.0
7.5, None, None, 0.0, 7.5, 9.5, 1997-04-07 05:45:00, None, None, 0.0
10.0, None, None, 0.0, -8.0, 10.0, 1997-04-07 16:00:00, None, None, 0.0
-7.0, None, None, 0.0, -7.0, 10.0, 1997-04-08 05:45:00, None, None, 0.0
10.0, None, None, 0.0, -8.0, 10.0, 1997-04-08 16:45:00, None, None, 0.0
-5.5, None, None, 0.0, -5.5, 10.0, 1997-04-09 05:45:00, None, None, 0.0
11.0, None, None, 0.0, -6.5, 11.0, 1997-04-09 16:30:00, None, None, 0.0
-7.0, None, None, 0.0, -7.0, 11.0, 1997-04-10 05:45:00, None, None, 0.0
12.0, None, None, 0.0, -8.0, 12.0, 1997-04-10 16:40:00, None, None, 0.0
-7.0, None, None, 0.0, -7.0, 12.0, 1997-04-11 05:40:00, None, None, 0.0
14.0, None, None, 0.0, -8.0, 14.0, 1997-04-11 16:40:00, None, None, 0.0
-4.0, None, None, 0.0, -4.0, 14.0, 1997-04-12 05:40:00, None, None, 0.0
13.0, None, None, 0.0, -4.0, 14.5, 1997-04-12 17:30:00, None, None, 0.0
7.0, None, None, 0.0, 1.0, 14.0, 1997-04-13 05:30:00, None, None, 0.0
6.0, None, None, 0.0, 3.0, 8.0, 1997-04-13 17:15:00, None, None, 0.0
-4.0, None, None, 0.0, -4.0, 6.0, 1997-04-14 05:45:00, None, None, 0.0
13.0, None, None, 0.0, -4.5, 13.0, 1997-04-14 17:15:00, None, None, 0.0
6.0, None, None, 0.0, 1.5, 13.0, 1997-04-15 05:45:00, None, None, 0.0
13.5, None, None, 0.0, 6.0, 13.5, 1997-04-15 16:30:00, None, None, 0.0
9.0, None, None, 0.0, 6.5, 9.5, 1997-10-15 06:00:00, None, None, 0.0
12.0, None, None, 0.0, 12.0, 12.5, 1997-10-15 17:00:00, None, None, 0.0
6.5, None, None, 0.0, 6.5, 12.0, 1997-10-16 05:50:00, None, None, 0.0
12.5, None, None, 0.0, 6.5, 15.0, 1997-10-16 17:15:00, None, None, 0.0
4.0, None, None, 0.0, 4.0, 6.0, 1997-10-17 05:50:00, None, None, 0.0
9.0, None, None, 0.0, 2.0, 10.0, 1997-10-17 17:10:00, None, None, 0.0
-5.0, None, None, 0.0, -5.0, 9.0, 1997-10-18 05:40:00, None, None, 0.0
7.5, None, None, 0.0, -6.0, 9.0, 1997-10-18 17:10:00, None, None, 0.0
-6.0, None, None, 0.0, -6.0, 7.5, 1997-10-19 05:40:00, None, None, 0.0
7.5, None, None, 0.0, -6.5, 9.0, 1997-10-19 17:05:00, None, None, 0.0
6.0, None, None, 0.0, -1.5, 8.0, 1997-10-20 17:40:00, None, None, 0.0
0.0, None, None, 0.0, -2.0, 6.0, 1997-10-21 05:45:00, None, None, 0.0
6.5, None, None, 0.0, 0.0, 8.0, 1997-10-21 17:00:00, None, None, 0.0
5.0, None, None, 0.0, 4.0, 6.5, 1997-10-22 05:55:00, None, None, 0.0
10.0, None, None, 0.0, 3.5, 12.0, 1997-10-22 16:40:00, None, None, 0.0
2.5, None, None, 0.0, 2.0, 10.0, 1997-10-23 05:40:00, None, None, 0.0
8.0, None, None, 0.0, 2.0, 8.0, 1997-10-23 16:20:00, None, None, 0.0
-6.0, None, None, 0.0, -6.0, 8.0, 1997-10-24 05:50:00, None, None, 0.0
4.0, None, None, 0.0, -6.5, 4.0, 1997-10-24 17:00:00, None, None, 0.0
3.0, None, None, 0.0, 0.5, 4.0, 1997-10-25 05:35:00, None, None, 0.0
6.5, None, None, 0.0, 3.0, 6.5, 1997-10-25 17:15:00, None, None, 0.0
6.0, None, None, 0.0, 5.0, 6.5, 1997-10-26 05:40:00, None, None, 0.0
8.0, None, None, 0.0, 5.0, 11.0, 1997-10-26 17:25:00, None, None, 0.0
-1.0, None, None, 0.0, -2.0, 8.0, 1997-10-27 05:45:00, None, None, 0.0
2.5, None, None, 0.0, -2.0, 8.0, 1997-10-27 17:50:00, None, None, 0.0
-1.0, None, None, 0.0, -1.5, 2.5, 1997-10-28 05:50:00, None, None, 0.0
5.5, None, None, 0.0, -2.0, 10.0, 1997-10-28 17:30:00, None, None, 0.0
5.5, None, None, 0.0, 3.0, 5.5, 1997-10-29 05:50:00, None, None, 0.0
4.5, None, None, 0.0, 4.5, 9.0, 1997-10-29 17:30:00, None, None, 0.0
6.0, None, None, 0.0, 1.0, 6.5, 1997-10-30 06:30:00, None, None, 0.0
7.0, None, None, 0.0, 5.5, 7.0, 1997-10-30 17:30:00, None, None, 0.0
7.5, None, None, 0.0, 4.0, 7.5, 1997-10-31 05:30:00, None, None, 0.0
7.5, None, None, 0.0, 4.0, 10.5, 1997-10-31 17:00:00, None, None, 0.0
-1.0, None, None, 0.0, -1.0, 7.5, 1997-11-01 05:30:00, None, None, 0.0
2.0, None, None, 0.0, -2.5, 10.5, 1997-11-01 17:15:00, None, None, 0.0
4.0, None, None, 0.0, -1.0, 4.0, 1997-11-02 05:30:00, None, None, 0.0
4.5, None, None, 0.0, 3.0, 5.5, 1997-11-02 17:55:00, None, None, 0.0
1.0, None, None, 0.0, 0.0, 4.5, 1997-11-03 05:35:00, None, None, 0.0
5.0, None, None, 0.0, 1.0, 5.0, 1997-11-03 17:30:00, None, None, 0.0
5.0, None, None, 0.0, 2.5, 5.0, 1997-11-04 05:40:00, None, None, 0.0
5.5, None, None, 0.0, 4.5, 8.5, 1997-11-04 17:30:00, None, None, 0.0
6.5, None, None, None, 5.0, 8.5, 1997-11-05 05:45:00, None, None, None
7.0, None, None, 0.0, 5.5, 7.5, 1997-11-05 17:30:00, None, None, 0.0
3.0, None, None, 0.0, 3.0, 7.0, 1997-11-06 05:30:00, None, None, 0.0
-0.5, None, None, 0.0, -1.0, 4.5, 1997-11-06 17:30:00, None, None, 0.0
-2.0, None, None, 0.0, -4.0, -0.5, 1997-11-07 05:45:00, None, None, 0.0
-1.0, None, None, 0.0, -2.0, -1.0, 1997-11-07 17:00:00, None, None, 0.0
-1.5, None, None, 0.0, -1.5, -1.0, 1997-11-08 05:30:00, None, None, 0.0
-1.0, None, None, 0.0, -1.0, -1.0, 1997-11-08 05:50:00, None, None, 0.0
-1.0, None, None, 0.0, -1.0, -1.0, 1997-11-08 17:25:00, None, None, 0.0
-2.0, None, None, 0.0, -2.0, 1.5, 1997-11-09 14:45:00, None, None, 0.0
-5.0, None, None, 0.0, -6.5, -2.0, 1997-11-10 05:45:00, None, None, 0.0
-3.5, None, None, 0.0, -6.0, -2.5, 1997-11-10 17:30:00, None, None, 0.0
-8.0, None, None, 0.0, -8.5, -3.5, 1997-11-11 05:35:00, None, None, 0.0
-5.5, None, None, 0.0, -8.5, -3.0, 1997-11-11 16:40:00, None, None, 0.0
-5.0, None, None, 0.0, -5.5, -5.0, 1997-11-12 05:20:00, None, None, 0.0
-5.0, None, None, 0.0, -5.5, -3.5, 1997-11-12 17:30:00, None, None, 0.0
-6.0, None, None, 0.0, -6.0, -5.0, 1997-11-13 05:25:00, None, None, 0.0
-5.0, None, None, 0.0, -6.0, -5.0, 1997-11-13 17:30:00, None, None, 0.0
-6.0, None, None, 0.0, -6.0, -5.0, 1997-11-14 05:30:00, None, None, 0.0
-5.5, None, None, 0.0, -6.5, -5.5, 1997-11-14 17:30:00, None, None, 0.0
-4.0, None, None, 0.0, -5.5, -3.0, 1997-11-15 05:30:00, None, None, 0.0
-6.0, None, None, 0.0, -7.0, -6.0, 1997-11-15 17:30:00, None, None, 0.0
-7.0, None, None, 0.0, -7.0, -6.0, 1997-11-16 05:30:00, None, None, 0.0
-6.5, None, None, 0.0, -8.0, -6.5, 1997-11-16 17:30:00, None, None, 0.0
-6.5, None, None, 0.0, -6.5, -6.0, 1997-11-17 05:30:00, None, None, 0.0
-5.5, None, None, 0.0, -7.0, -5.0, 1997-11-17 17:30:00, None, None, 0.0
-6.0, None, None, 2.0, -7.0, -4.0, 1997-11-18 05:30:00, None, None, 2.0
-2.5, None, None, 2.0, -6.0, 3.0, 1997-11-18 17:30:00, None, None, 4.0
-4.0, None, None, 0.0, -4.0, -1.5, 1997-11-19 05:25:00, None, None, 2.0
-3.5, None, None, 0.0, -5.0, 3.0, 1997-11-19 17:30:00, None, None, 2.0
-6.5, None, None, 0.0, -6.5, -4.0, 1997-11-20 05:30:00, None, None, 0.0
-2.0, None, None, 0.0, -4.5, 1.5, 1997-11-20 06:00:00, None, None, 4.0
-7.5, None, None, 0.0, -7.5, -3.0, 1997-11-21 05:30:00, None, None, 4.0
0.0, None, None, 1.0, -3.5, 0.0, 1997-11-21 17:30:00, None, None, 5.0
-7.0, None, None, 0.0, -7.0, -3.0, 1997-11-22 05:30:00, None, None, 5.0
-1.0, None, None, 0.0, -4.0, 0.0, 1997-11-22 17:30:00, None, None, 5.0
1.0, None, None, 0.0, -1.0, 1.0, 1997-11-23 05:30:00, None, None, 4.0
7.5, None, None, 0.0, 0.0, 7.5, 1997-11-23 17:30:00, None, None, 0.0
2.0, None, None, 0.0, 1.5, 2.0, 1997-11-24 05:30:00, None, None, 0.0
-1.0, None, None, 0.0, -1.0, 6.0, 1997-11-24 17:45:00, None, None, 0.0
-5.0, None, None, 0.0, -6.0, -5.0, 1997-11-25 05:30:00, None, None, 0.0
0.0, None, None, 0.0, -6.5, 3.5, 1997-11-25 17:30:00, None, None, 0.0
-1.0, None, None, 0.0, -1.0, 1.0, 1997-11-26 17:30:00, None, None, 1.0
1.0, None, None, 0.0, -1.5, 2.0, 1997-11-27 05:30:00, None, None, 6.0
-1.0, None, None, 0.0, -1.0, 2.5, 1997-11-27 17:30:00, None, None, 1.0
0.0, None, None, 0.0, -1.0, 0.0, 1997-11-28 05:30:00, None, None, 1.0
-1.0, None, None, 0.0, -1.0, 2.0, 1997-11-28 17:30:00, None, None, 1.0
-3.0, None, None, 0.0, -4.5, -3.0, 1997-11-29 05:30:00, None, None, 0.0
1.0, None, None, 0.0, -3.0, 1.0, 1997-11-29 17:30:00, None, None, 1.0
-1.0, None, None, 0.0, -1.0, 0.0, 1997-11-30 05:30:00, None, None, 1.0
0.5, None, None, 0.0, -2.0, 0.5, 1997-11-30 17:30:00, None, None, 5.0
-4.0, None, None, 0.0, -4.0, 0.0, 1997-12-01 05:50:00, None, None, 0.0
-2.5, None, None, 0.0, -5.0, 3.5, 1997-12-01 17:30:00, None, None, 0.0
-5.0, None, None, 0.0, -5.0, 3.0, 1997-12-02 05:30:00, None, None, 0.0
-4.0, None, None, 0.0, -5.5, 2.0, 1997-12-02 17:30:00, None, None, 0.0
-9.0, None, None, 0.0, -9.0, -4.0, 1997-12-03 05:30:00, None, None, 0.0
-4.5, None, None, 0.0, -9.5, 0.0, 1997-12-03 17:30:00, None, None, 0.0
-7.0, None, None, 0.0, -8.0, -5.0, 1997-12-04 05:30:00, None, None, 0.0
-7.5, None, None, 0.0, -8.5, -3.5, 1997-12-04 17:30:00, None, None, 0.0
-10.0, None, None, 0.0, -11.0, -7.0, 1997-12-05 05:30:00, None, None, 0.0
-5.0, None, None, 0.0, -10.0, -5.0, 1997-12-05 17:30:00, None, None, 0.0
-8.5, None, None, 0.0, -10.0, -5.0, 1997-12-06 05:30:00, None, None, 0.0
-7.0, None, None, 0.0, -8.5, -1.0, 1997-12-06 17:30:00, None, None, 0.0
-11.5, None, None, 0.0, -12.5, -7.0, 1997-12-07 05:30:00, None, None, 0.0
-10.0, None, None, 0.0, -12.0, -10.0, 1997-12-08 05:30:00, None, None, 0.0
-4.0, None, None, 2.0, -5.5, -4.0, 1997-12-08 17:00:00, None, None, 2.0
-7.0, None, None, 0.1, -8.0, -3.0, 1997-12-09 05:20:00, None, None, 1.0
-7.5, None, None, 0.0, -11.0, -3.5, 1997-12-09 17:30:00, None, None, 1.0
-7.0, None, None, 0.0, -8.0, 0.0, 1997-12-10 05:50:00, None, None, 1.0
2.0, None, None, 0.0, -7.0, 2.5, 1997-12-10 17:30:00, None, None, 1.0
4.0, None, None, 0.0, 2.0, 4.0, 1997-12-11 05:30:00, None, None, 1.0
5.5, None, None, 0.0, 4.0, 6.0, 1997-12-11 17:30:00, None, None, 0.0
5.0, None, None, 0.0, 4.5, 5.0, 1997-12-12 05:30:00, None, None, 0.0
8.0, None, None, 0.0, 5.0, 8.0, 1997-12-12 17:30:00, None, None, 0.0
7.0, None, None, 0.0, 7.0, 7.0, 1997-12-13 05:30:00, None, None, 0.0
7.5, None, None, 0.0, 6.0, 9.0, 1997-12-13 17:20:00, None, None, 0.0
1.5, None, None, 0.0, 1.5, 8.0, 1997-12-14 17:30:00, None, None, 0.0
-4.0, None, None, 0.0, -4.0, -3.0, 1997-12-15 05:30:00, None, None, 0.0
3.0, None, None, 0.0, -1.0, 3.0, 1997-12-16 05:30:00, None, None, 0.0
0.0, None, None, 0.0, 0.0, 7.5, 1997-12-16 17:30:00, None, None, 0.0
-2.5, None, None, 0.0, -2.5, -2.0, 1997-12-17 05:30:00, None, None, 0.0
-2.0, None, None, 0.0, -4.0, -0.5, 1997-12-17 17:30:00, None, None, 0.0
-10.0, None, None, 0.0, -10.5, -4.0, 1997-12-18 05:30:00, None, None, 0.0
-3.0, None, None, 0.0, -10.0, -3.0, 1997-12-18 17:30:00, None, None, 0.0
0.0, None, None, 1.5, 0.0, 0.0, 1997-12-19 05:30:00, None, None, 1.0
0.5, None, None, 1.0, -1.5, 3.0, 1997-12-20 17:30:00, None, None, 2.0
-2.0, None, None, 0.1, -8.0, -2.0, 1997-12-21 05:30:00, None, None, 2.0
-10.0, None, None, 0.0, -11.0, -5.0, 1997-12-21 17:30:00, None, None, 2.0
-6.0, None, None, 1.0, -10.0, -6.0, 1997-12-22 05:30:00, None, None, 2.0
1.0, None, None, 0.0, -4.5, 1.0, 1997-12-22 17:30:00, None, None, 3.0
0.0, None, None, 0.0, -3.0, 0.0, 1997-12-23 05:30:00, None, None, 2.0
0.5, None, None, 0.1, -1.5, 2.5, 1997-12-23 17:30:00, None, None, 3.0
0.0, None, None, 1.0, -10.0, 0.0, 1997-12-24 17:44:00, None, None, 3.0
-7.5, None, None, 0.0, -8.0, -7.5, 1997-12-25 05:30:00, None, None, 3.0
0.0, None, None, 0.0, -9.0, 1.0, 1997-12-25 17:30:00, None, None, 3.0
1.0, None, None, 0.0, -3.5, 1.0, 1997-12-26 05:30:00, None, None, 3.0
0.5, None, None, 0.0, 0.0, 1.0, 1997-12-26 17:30:00, None, None, 3.0
-10.0, None, None, 0.0, -10.0, -9.0, 1997-12-27 05:30:00, None, None, 3.0
-1.0, None, None, 1.0, -11.0, 0.0, 1997-12-27 17:00:00, None, None, 5.0
-1.0, None, None, 3.5, -1.5, -1.0, 1997-12-28 05:30:00, None, None, 8.0
1.5, None, None, 3.0, 0.0, 1.5, 1997-12-28 17:30:00, None, None, 11.0
0.0, None, None, 0.0, 0.0, 9.5, 1997-12-29 04:30:00, None, None, 10.0
0.0, None, None, 0.0, 0.0, 9.5, 1997-12-29 05:00:00, None, None, 10.0
-2.0, None, None, 0.0, -2.0, 0.0, 1997-12-29 17:30:00, None, None, 10.0
1.0, None, None, 0.1, -3.5, 2.0, 1997-12-30 05:30:00, None, None, 10.0
4.0, None, None, 0.0, 0.5, 4.0, 1997-12-30 17:30:00, None, None, 9.0
1.5, None, None, 0.0, 1.0, 4.0, 1997-12-31 05:30:00, None, None, 8.0
-1.0, None, None, 0.1, -1.0, 1.5, 1997-12-31 17:30:00, None, None, 8.0
-14.0, None, None, 0.0, -15.0, -5.0, 1998-01-01 05:30:00, None, None, 8.0
-19.0, None, None, 0.0, -19.0, -15.0, 1998-01-01 17:30:00, None, None, 8.0
-24.0, None, None, 0.0, -24.0, -15.0, 1998-01-02 01:00:00, None, None, 8.0
-24.0, None, None, 0.0, -28.5, -19.0, 1998-01-02 17:30:00, None, None, 8.0
-27.0, None, None, 0.0, -28.0, -24.0, 1998-01-03 05:30:00, None, None, 8.0
-21.0, None, None, 0.0, -28.0, -21.0, 1998-01-03 17:30:00, None, None, 8.0
-19.5, None, None, 0.2, -28.0, -19.0, 1998-01-04 05:30:00, None, None, 8.0
-16.0, None, None, 1.0, -28.0, -16.0, 1998-01-04 17:30:00, None, None, 10.0
-16.0, None, None, 0.0, -18.0, -16.0, 1998-01-05 05:30:00, None, None, 10.0
-19.5, None, None, 0.0, -19.5, -12.0, 1998-01-05 17:30:00, None, None, 10.0
-13.0, None, None, 0.1, -17.0, -13.0, 1998-01-06 05:30:00, None, None, 10.0
-11.5, None, None, 0.1, -18.0, -11.0, 1998-01-06 17:30:00, None, None, 11.0
-12.0, None, None, 0.1, -12.0, -11.0, 1998-01-07 05:30:00, None, None, 11.0
-11.5, None, None, 1.0, -13.0, -11.5, 1998-01-07 17:15:00, None, None, 12.0
-20.0, None, None, 2.0, -21.0, -20.0, 1998-01-08 05:30:00, None, None, 14.0
-17.5, None, None, 0.0, -20.5, -14.0, 1998-01-08 17:30:00, None, None, 13.0
-17.0, None, None, 0.0, -20.5, -16.0, 1998-01-09 05:30:00, None, None, 13.0
-17.5, None, None, 0.0, -20.5, -16.0, 1998-01-09 05:50:00, None, None, 13.0
-19.5, None, None, 0.0, -19.5, -17.0, 1998-01-09 17:30:00, None, None, 13.0
-30.0, None, None, 0.0, -30.0, -29.0, 1998-01-10 05:30:00, None, None, 13.0
-25.5, None, None, 0.0, -32.0, -21.0, 1998-01-10 17:00:00, None, None, 13.0
-33.5, None, None, 0.0, -34.0, -30.0, 1998-01-11 05:30:00, None, None, 13.0
-27.5, None, None, 0.0, -34.5, -23.0, 1998-01-11 17:30:00, None, None, 13.0
-31.0, None, None, 0.0, -32.0, -31.0, 1998-01-12 05:30:00, None, None, 13.0
-24.5, None, None, 0.0, -31.0, -21.5, 1998-01-12 17:30:00, None, None, 13.0
-23.0, None, None, 0.0, -25.0, -22.0, 1998-01-13 05:30:00, None, None, 13.0
-8.0, None, None, 3.0, -23.0, -8.0, 1998-01-13 17:15:00, None, None, 15.0
-4.0, None, None, 1.0, -10.0, -2.0, 1998-01-14 05:30:00, None, None, 16.0
-2.5, None, None, 3.0, -12.0, -2.5, 1998-01-14 17:15:00, None, None, 18.0
-4.0, None, None, 0.5, -5.5, -4.0, 1998-01-15 17:30:00, None, None, 26.0
-13.0, None, None, 0.0, -13.0, -10.5, 1998-01-16 05:30:00, None, None, 26.0
1.0, None, None, 0.1, -10.5, 1.0, 1998-01-16 17:30:00, None, None, 26.0
-11.0, None, None, 0.0, -11.5, -10.0, 1998-01-17 05:30:00, None, None, 26.0
-2.0, None, None, 0.0, -10.0, -2.0, 1998-01-18 17:30:00, None, None, 26.0
-1.0, None, None, 0.0, -4.0, 0.0, 1998-01-19 05:30:00, None, None, 26.0
3.0, None, None, 1.0, -5.0, 3.5, 1998-01-19 16:15:00, None, None, 22.0
-9.0, None, None, 0.0, -10.0, -3.0, 1998-01-20 05:30:00, None, None, 30.0
-7.5, None, None, 0.0, -10.0, -2.0, 1998-01-20 17:30:00, None, None, 30.0
-9.0, None, None, 0.0, -10.0, -7.0, 1998-01-21 05:30:00, None, None, 30.0
-6.5, None, None, 0.0, -9.0, -1.0, 1998-01-21 17:15:00, None, None, 23.0
0.0, None, None, 0.0, -7.0, 1.0, 1998-01-22 05:30:00, None, None, 28.0
-5.5, None, None, 0.0, -8.5, 4.0, 1998-01-22 17:30:00, None, None, 27.0
0.0, None, None, 0.0, 0.0, 1.5, 1998-01-23 17:30:00, None, None, 27.0
-3.0, None, None, 0.0, -3.0, 0.0, 1998-01-24 05:30:00, None, None, 26.0
6.0, None, None, 0.0, 0.5, 6.0, 1998-01-24 17:30:00, None, None, 26.0
-4.0, None, None, 0.0, -4.0, -4.0, 1998-01-25 05:30:00, None, None, 24.0
5.5, None, None, 0.0, -5.0, 7.5, 1998-01-25 17:30:00, None, None, 23.0
3.0, None, None, 0.0, 0.0, 6.0, 1998-01-26 05:30:00, None, None, 22.0
4.5, None, None, 0.0, 4.0, 9.5, 1998-01-26 17:30:00, None, None, 20.0
-4.0, None, None, 0.0, -4.0, -1.0, 1998-01-27 05:30:00, None, None, 20.0
-2.0, None, None, 0.0, -6.0, 6.5, 1998-01-27 17:30:00, None, None, 20.0
3.0, None, None, 0.0, -1.0, 5.0, 1998-01-28 05:30:00, None, None, 19.0
4.0, None, None, 0.0, -8.0, 7.0, 1998-01-28 17:20:00, None, None, 19.0
2.0, None, None, 0.0, 0.0, 9.5, 1998-01-29 17:30:00, None, None, 18.0
-3.5, None, None, 0.0, -4.0, -3.0, 1998-01-30 05:30:00, None, None, 18.0
-1.0, None, None, 0.0, -5.5, 7.0, 1998-01-30 17:30:00, None, None, 18.0
-8.0, None, None, 0.0, -8.5, -7.5, 1998-01-31 05:30:00, None, None, 18.0
-3.5, None, None, 0.0, -9.5, 5.0, 1998-01-31 17:30:00, None, None, 18.0
-11.0, None, None, 0.0, -12.0, -10.5, 1998-02-01 05:30:00, None, None, 18.0
-4.0, None, None, 0.0, -11.5, 4.0, 1998-02-01 17:30:00, None, None, 18.0
-7.5, None, None, 0.0, -9.5, 9.0, 1998-02-02 05:30:00, None, None, 18.0
-1.5, None, None, 0.0, -9.0, 2.0, 1998-02-02 17:30:00, None, None, 18.0
-8.0, None, None, 0.0, -9.0, -5.0, 1998-02-03 05:30:00, None, None, 18.0
-2.0, None, None, 0.0, -7.0, 0.5, 1998-02-03 17:30:00, None, None, 18.0
-3.0, None, None, 0.0, -4.0, -2.0, 1998-02-04 05:30:00, None, None, 17.0
-1.0, None, None, 0.1, -3.0, 0.0, 1998-02-04 17:30:00, None, None, 17.0
0.0, None, None, 1.0, -1.0, 0.0, 1998-02-05 05:30:00, None, None, 19.0
1.0, None, None, 1.0, -1.5, 4.0, 1998-02-05 17:30:00, None, None, 19.0
-1.5, None, None, 0.0, -2.0, -1.0, 1998-02-06 05:30:00, None, None, 19.0
0.0, None, None, 0.0, -1.5, 0.0, 1998-02-06 17:30:00, None, None, 19.0
0.0, None, None, 0.0, -1.5, 8.0, 1998-02-07 17:30:00, None, None, 18.0
-5.0, None, None, 0.0, -5.5, -5.0, 1998-02-08 05:30:00, None, None, 18.0
-3.5, None, None, 0.0, -5.5, 0.0, 1998-02-08 17:30:00, None, None, 18.0
-4.0, None, None, 1.0, -7.0, -3.0, 1998-02-09 05:30:00, None, None, 19.0
-1.0, None, None, 0.0, -7.0, 9.0, 1998-02-09 17:30:00, None, None, 19.0
-8.0, None, None, 0.0, -8.0, -2.0, 1998-02-10 05:30:00, None, None, 19.0
4.5, None, None, 0.0, -8.0, 6.5, 1998-02-10 17:30:00, None, None, 19.0
-4.0, None, None, 0.0, -4.0, -2.0, 1998-02-11 05:30:00, None, None, 19.0
1.5, None, None, 0.0, -6.0, 7.0, 1998-02-11 17:20:00, None, None, 19.0
2.0, None, None, 0.0, -3.0, 2.0, 1998-02-12 05:30:00, None, None, 19.0
7.0, None, None, 0.0, 2.0, 15.5, 1998-02-12 17:10:00, None, None, 15.0
4.0, None, None, 0.0, 2.0, 4.0, 1998-02-13 05:30:00, None, None, 13.0
3.0, None, None, 0.0, -1.5, 9.0, 1998-02-13 17:30:00, None, None, 13.0
-5.0, None, None, 0.0, -5.0, -5.0, 1998-02-14 05:30:00, None, None, 11.0
6.0, None, None, 0.0, -6.0, 6.5, 1998-02-14 17:30:00, None, None, 11.0
-1.0, None, None, 0.0, -6.5, 7.0, 1998-02-15 05:30:00, None, None, 11.0
2.5, None, None, 0.0, -2.5, 5.0, 1998-02-15 17:30:00, None, None, 11.0
-5.0, None, None, 0.0, -5.0, -4.0, 1998-02-16 05:30:00, None, None, 11.0
1.5, None, None, 0.0, -5.5, 10.0, 1998-02-16 17:30:00, None, None, 10.0
-8.0, None, None, 0.0, -8.0, -7.0, 1998-02-17 05:30:00, None, None, 10.0
1.0, None, None, 0.0, -8.0, 7.5, 1998-02-17 17:30:00, None, None, 10.0
-2.0, None, None, 0.0, -3.0, 1.0, 1998-02-18 05:30:00, None, None, 10.0
7.0, None, None, 0.0, -4.5, 10.0, 1998-02-18 17:20:00, None, None, 8.0
8.0, None, None, 0.0, -7.0, 8.0, 1998-02-19 05:30:00, None, None, 5.0
4.5, None, None, 0.0, 4.5, 10.5, 1998-02-19 17:30:00, None, None, 2.0
0.0, None, None, 0.0, -1.5, 0.0, 1998-02-20 05:30:00, None, None, 1.0
9.0, None, None, 0.0, 0.0, 10.0, 1998-02-20 17:30:00, None, None, 1.0
4.5, None, None, 0.0, 0.0, 5.0, 1998-02-21 05:30:00, None, None, 0.0
6.0, None, None, 0.0, 2.5, 9.0, 1998-02-21 17:30:00, None, None, 0.0
0.0, None, None, 0.0, -2.0, 0.0, 1998-02-22 05:30:00, None, None, 0.0
3.0, None, None, 0.0, -3.0, 8.0, 1998-02-22 17:30:00, None, None, 0.0
-4.0, None, None, 0.0, -5.0, -3.0, 1998-02-23 05:30:00, None, None, 0.0
1.0, None, None, 0.0, -5.5, 10.0, 1998-02-23 17:30:00, None, None, 0.0
-7.0, None, None, 0.0, -8.0, -6.0, 1998-02-24 05:30:00, None, None, 0.0
1.5, None, None, 0.0, -8.0, 6.0, 1998-02-24 17:30:00, None, None, 0.0
-6.0, None, None, 0.0, -7.0, -5.0, 1998-02-25 05:30:00, None, None, 0.0
1.0, None, None, 0.0, -6.0, 3.5, 1998-02-25 17:30:00, None, None, 0.0
-4.0, None, None, 0.0, -7.0, -4.0, 1998-02-26 05:30:00, None, None, 0.0
1.0, None, None, 0.0, -7.0, 3.5, 1998-02-26 17:30:00, None, None, 0.0
-11.0, None, None, 0.0, -11.0, 11.5, 1998-02-27 05:30:00, None, None, 0.0
0.0, None, None, 0.0, -12.0, 4.0, 1998-02-27 17:30:00, None, None, 0.0
-11.0, None, None, 0.0, -11.5, -11.0, 1998-02-28 05:30:00, None, None, 0.0
1.5, None, None, 0.0, -11.5, 3.0, 1998-02-28 17:30:00, None, None, 0.0
-6.0, None, None, 0.0, -7.0, -6.0, 1998-03-01 05:30:00, None, None, 0.0
2.0, None, None, 0.0, -6.0, 6.0, 1998-03-01 15:30:00, None, None, 0.0
-2.0, None, None, 0.0, -3.0, 5.0, 1998-03-02 05:30:00, None, None, 0.0
5.5, None, None, 0.0, -2.5, 8.0, 1998-03-02 17:30:00, None, None, 0.0
-2.0, None, None, 0.0, -3.0, -2.0, 1998-03-03 05:30:00, None, None, 0.0
0.5, None, None, 0.0, -6.0, 1.5, 1998-03-03 17:30:00, None, None, 0.0
-4.0, None, None, 0.0, -5.0, 1.0, 1998-03-04 05:30:00, None, None, 0.0
1.5, None, None, 0.0, -6.0, 3.0, 1998-03-04 17:30:00, None, None, 0.0
-3.0, None, None, 0.0, -6.0, -3.0, 1998-03-05 05:30:00, None, None, 0.0
0.0, None, None, 0.0, -3.5, 2.0, 1998-03-05 17:30:00, None, None, 0.0
-12.0, None, None, 0.0, -14.0, -12.0, 1998-03-06 05:30:00, None, None, 0.0
0.0, None, None, 0.0, -13.0, 0.0, 1998-03-06 17:30:00, None, None, 0.0
-9.0, None, None, 0.0, -10.0, -7.0, 1998-03-07 05:30:00, None, None, 0.0
-1.0, None, None, 0.0, -8.0, -1.0, 1998-03-07 17:30:00, None, None, 0.0
-10.0, None, None, 0.0, -12.0, -10.0, 1998-03-08 05:30:00, None, None, 0.0
-6.5, None, None, 1.0, -10.5, -6.5, 1998-03-08 17:20:00, None, None, 1.0
-11.0, None, None, 1.0, -11.0, -4.0, 1998-03-09 05:30:00, None, None, 2.0
-6.0, None, None, 7.0, -11.0, -2.5, 1998-03-09 17:30:00, None, None, 10.0
-8.0, None, None, 0.0, -9.0, -6.0, 1998-03-10 05:30:00, None, None, 9.0
-1.0, None, None, 0.0, -9.0, 0.5, 1998-03-10 17:15:00, None, None, 8.0
-1.0, None, None, 0.1, -1.0, 0.0, 1998-03-11 05:30:00, None, None, 8.0
5.0, None, None, 0.0, -1.5, 11.0, 1998-03-11 17:15:00, None, None, 0.0
-1.0, None, None, 0.0, -2.0, 5.0, 1998-03-12 05:30:00, None, None, 0.0
4.5, None, None, 0.0, -2.5, 7.5, 1998-03-12 17:30:00, None, None, 0.0
2.0, None, None, 0.0, 1.0, 8.0, 1998-03-13 05:30:00, None, None, 0.0
4.0, None, None, 0.0, 1.0, 9.5, 1998-03-13 17:30:00, None, None, 0.0
0.0, None, None, 0.0, -2.0, 0.0, 1998-03-14 05:30:00, None, None, 0.0
8.5, None, None, 0.0, -0.5, 12.0, 1998-03-14 17:00:00, None, None, 0.0
0.0, None, None, 0.0, -2.0, 0.0, 1998-03-15 05:30:00, None, None, 0.0
9.5, None, None, 0.0, 0.0, 11.5, 1998-03-15 17:00:00, None, None, 0.0
0.0, None, None, 0.0, 0.0, 10.0, 1998-03-16 05:30:00, None, None, 0.0
8.0, None, None, 0.0, 0.0, 9.0, 1998-03-16 17:30:00, None, None, 0.0
-6.0, None, None, 0.0, -6.0, 8.0, 1998-03-17 05:30:00, None, None, 0.0
8.0, None, None, 0.0, -7.0, 11.0, 1998-03-17 17:30:00, None, None, 0.0
-2.0, None, None, 0.0, -3.0, 8.0, 1998-03-18 05:30:00, None, None, 0.0
-6.0, None, None, 0.0, -7.0, -6.0, 1998-03-19 05:30:00, None, None, 0.0
11.0, None, None, 0.0, -6.5, 13.5, 1998-03-19 17:30:00, None, None, 0.0
-0.5, None, None, 0.0, -1.5, -0.5, 1998-03-20 05:30:00, None, None, 0.0
11.0, None, None, 0.0, -0.5, 13.0, 1998-03-20 17:30:00, None, None, 0.0
0.0, None, None, 0.0, -1.0, 0.5, 1998-03-21 05:30:00, None, None, 0.0
12.5, None, None, 0.0, -0.5, 14.5, 1998-03-21 17:30:00, None, None, 0.0
0.0, None, None, 0.0, 0.0, 12.5, 1998-03-22 05:20:00, None, None, 0.0
3.0, None, None, 0.0, 0.0, 4.0, 1998-03-22 17:30:00, None, None, 0.0
0.0, None, None, 0.0, 0.0, 5.0, 1998-03-23 05:30:00, None, None, 0.0
9.0, None, None, 0.0, 0.0, 10.0, 1998-03-23 17:30:00, None, None, 0.0
3.0, None, None, 0.0, 3.0, 9.0, 1998-03-24 05:30:00, None, None, 0.0
7.0, None, None, 0.0, 3.0, 10.0, 1998-03-24 17:30:00, None, None, 0.0
-1.0, None, None, 0.0, -3.0, 7.0, 1998-03-25 05:30:00, None, None, 0.0
8.0, None, None, 0.0, -1.0, 9.0, 1998-03-25 17:30:00, None, None, 0.0
4.0, None, None, 0.0, 4.0, 9.0, 1998-11-02 05:30:00, None, None, 0.0
4.5, None, None, 0.0, -3.5, 6.0, 1998-11-02 17:30:00, None, None, 0.0
3.0, None, None, 0.0, 3.0, 5.0, 1998-11-03 05:30:00, None, None, 0.0
2.5, None, None, 0.0, 0.0, 8.5, 1998-11-03 17:30:00, None, None, 0.0
-2.0, None, None, 0.0, -3.0, 3.0, 1998-11-04 05:30:00, None, None, 0.0
4.0, None, None, None, -2.5, 4.0, 1998-11-04 17:30:00, None, None, None
3.0, None, None, 0.0, 3.0, 4.0, 1998-11-05 05:30:00, None, None, 0.0
4.5, None, None, 0.0, 3.5, 5.5, 1998-11-05 17:30:00, None, None, 0.0
2.0, None, None, 0.0, 2.0, 5.0, 1998-11-06 05:30:00, None, None, 0.0
3.5, None, None, 0.0, 1.5, 4.0, 1998-11-06 17:30:00, None, None, 0.0
1.0, None, None, 0.0, 1.0, 3.0, 1998-11-07 05:30:00, None, None, 0.0
2.5, None, None, 0.0, 1.0, 3.5, 1998-11-07 17:30:00, None, None, 0.0
-1.0, None, None, 0.0, -2.5, 3.0, 1998-11-08 05:30:00, None, None, 0.0
0.0, None, None, 0.0, -1.5, 2.0, 1998-11-08 17:30:00, None, None, 0.0
0.0, None, None, 0.0, -1.0, 1.0, 1998-11-09 05:30:00, None, None, 0.0
-2.5, None, None, 0.0, -3.0, 2.5, 1998-11-09 17:30:00, None, None, 0.0
-1.0, None, None, 0.0, -2.0, -1.0, 1998-11-10 05:30:00, None, None, 0.0
1.0, None, None, 1.0, 0.0, 3.0, 1998-11-12 05:30:00, None, None, 1.0
0.0, None, None, 0.0, 0.0, 0.5, 1998-11-12 17:50:00, None, None, 0.0
0.0, None, None, 1.0, 0.0, 1.0, 1998-11-13 05:30:00, None, None, 1.0
0.0, None, None, 0.0, 0.0, 2.0, 1998-11-13 17:30:00, None, None, 0.0
-4.0, None, None, 0.0, -4.0, 0.5, 1998-11-14 05:30:00, None, None, 0.0
-0.5, None, None, 0.0, -5.0, 0.0, 1998-11-14 17:30:00, None, None, 0.0
-1.0, None, None, 5.0, -1.0, 0.0, 1998-11-15 05:30:00, None, None, 6.0
-3.0, None, None, 1.0, -3.0, -2.0, 1998-11-15 17:30:00, None, None, 7.0
-6.0, None, None, 10.0, -6.0, -3.0, 1998-11-16 05:30:00, None, None, 15.0
-4.5, None, None, 5.0, -7.5, -3.0, 1998-11-16 17:30:00, None, None, 18.0
-6.0, None, None, 0.0, -6.0, -4.0, 1998-11-17 05:30:00, None, None, 18.0
-1.0, None, None, 0.0, -6.0, -1.0, 1998-11-17 17:00:00, None, None, 16.0
-9.0, None, None, 0.1, -9.0, -1.0, 1998-11-18 05:30:00, None, None, 13.0
-5.5, None, None, 0.0, -6.5, -1.5, 1998-11-18 17:30:00, None, None, 13.0
-11.0, None, None, 0.0, -12.0, -6.5, 1998-11-19 05:30:00, None, None, 12.0
-4.0, None, None, 0.0, -12.5, 2.5, 1998-11-19 17:30:00, None, None, 12.0
3.0, None, None, 0.0, -5.0, 3.0, 1998-11-20 05:30:00, None, None, 8.0
3.0, None, None, 0.0, 2.0, 6.0, 1998-11-20 17:30:00, None, None, 5.0
-1.5, None, None, 0.0, -1.5, 4.5, 1998-11-21 05:30:00, None, None, 5.0
-1.5, None, None, 0.0, -3.0, 4.0, 1998-11-21 17:30:00, None, None, 5.0
1.5, None, None, 0.0, -3.0, 1.5, 1998-11-22 05:30:00, None, None, 2.0
-1.0, None, None, 0.0, -1.5, 3.0, 1998-11-22 17:30:00, None, None, 2.0
-5.0, None, None, 0.0, -6.0, 2.0, 1998-11-23 05:30:00, None, None, 2.0
-1.0, None, None, 0.1, -6.5, -0.5, 1998-11-23 17:30:00, None, None, 6.0
-1.0, None, None, 0.0, -2.0, -1.0, 1998-11-24 05:30:00, None, None, 2.0
2.5, None, None, 0.0, -4.0, 4.5, 1998-11-25 05:30:00, None, None, 6.0
3.0, None, None, 0.0, 0.5, 7.5, 1998-11-25 17:30:00, None, None, 4.0
-3.0, None, None, 0.0, -3.5, 6.0, 1998-11-26 05:30:00, None, None, 3.0
1.0, None, None, 0.0, -4.0, 7.0, 1998-11-26 17:30:00, None, None, 3.0
0.0, None, None, 0.1, -5.0, 1.5, 1998-11-27 05:30:00, None, None, 2.0
-1.0, None, None, 0.1, -1.0, 1.0, 1998-11-27 17:30:00, None, None, 2.0
-8.0, None, None, 0.0, -8.0, -0.5, 1998-11-28 05:30:00, None, None, 2.0
-5.0, None, None, 0.0, -10.0, -3.5, 1998-11-28 17:30:00, None, None, 2.0
-9.0, None, None, 0.0, -9.0, -5.0, 1998-11-29 05:30:00, None, None, 2.0
-5.5, None, None, 0.0, -10.5, -4.5, 1998-11-29 17:30:00, None, None, 2.0
-7.0, None, None, 0.1, -10.0, -5.0, 1998-11-30 05:30:00, None, None, 2.0
-7.0, None, None, 0.0, -11.0, -2.0, 1998-11-30 17:30:00, None, None, 2.0
-11.0, None, None, 0.0, -12.0, -7.0, 1998-12-01 05:30:00, None, None, 2.0
4.5, None, None, 1.0, -13.5, 4.5, 1998-12-01 17:30:00, None, None, 1.0
-8.0, None, None, 0.0, -8.0, 4.0, 1998-12-02 05:30:00, None, None, 1.0
-2.0, None, None, 0.0, -8.5, 3.5, 1998-12-02 17:30:00, None, None, 1.0
-9.0, None, None, 1.0, -9.0, -2.0, 1998-12-03 05:30:00, None, None, 2.0
-3.5, None, None, 1.0, -12.0, -3.0, 1998-12-03 17:30:00, None, None, 2.0
-8.0, None, None, 1.0, -9.0, -3.0, 1998-12-04 05:30:00, None, None, 2.0
-3.5, None, None, 3.0, -9.0, -2.0, 1998-12-04 17:30:00, None, None, 6.0
-2.5, None, None, 0.0, -2.5, -2.0, 1998-12-05 05:30:00, None, None, 6.0
-1.0, None, None, 0.1, -2.5, 0.0, 1998-12-05 17:30:00, None, None, 8.0
-1.0, None, None, 3.0, -2.5, 0.0, 1998-12-06 05:30:00, None, None, 5.0
-8.0, None, None, 0.0, -8.0, 1.0, 1998-12-06 17:30:00, None, None, 8.0
0.0, None, None, 3.0, -3.0, 0.0, 1998-12-07 05:30:00, None, None, 12.0
0.0, None, None, 0.0, -3.0, 5.0, 1998-12-07 17:30:00, None, None, 10.0
-7.0, None, None, 0.1, -8.0, 0.0, 1998-12-08 05:30:00, None, None, 10.0
-7.0, None, None, 0.0, -15.0, 1.5, 1998-12-08 17:30:00, None, None, 9.0
0.0, None, None, 0.0, -1.0, 0.0, 1998-12-09 05:30:00, None, None, 8.0
2.5, None, None, 1.0, -2.0, 3.5, 1998-12-09 17:30:00, None, None, 10.0
1.0, None, None, 0.0, 1.0, 5.5, 1998-12-10 05:30:00, None, None, 6.0
-5.0, None, None, 0.0, -5.0, 6.5, 1998-12-10 17:30:00, None, None, 4.0
0.0, None, None, 0.0, -6.0, 1.5, 1998-12-11 05:30:00, None, None, 4.0
2.0, None, None, 0.0, -2.0, 5.5, 1998-12-11 17:30:00, None, None, 4.0
3.5, None, None, 0.0, 3.5, 4.5, 1998-12-12 05:30:00, None, None, 4.0
7.0, None, None, 3.0, 3.5, 8.5, 1998-12-12 17:30:00, None, None, 0.0
3.0, None, None, 0.0, 1.0, 8.0, 1998-12-13 05:30:00, None, None, 3.0
-0.5, None, None, 0.0, -0.5, 1.5, 1998-12-13 17:30:00, None, None, 3.0
-7.0, None, None, 0.0, -7.0, 1.0, 1998-12-14 05:30:00, None, None, 3.0
-5.0, None, None, 0.0, -5.0, -1.0, 1998-12-14 17:30:00, None, None, 3.0
0.0, None, None, 1.0, -1.0, 0.0, 1998-12-15 05:30:00, None, None, 3.0
0.0, None, None, 0.0, -1.0, 1.5, 1998-12-15 17:30:00, None, None, 2.0
0.0, None, None, 2.0, -2.5, 1.0, 1998-12-16 05:15:00, None, None, 4.0
4.0, None, None, 0.0, -2.5, 4.5, 1998-12-16 17:30:00, None, None, 2.0
-1.0, None, None, 0.1, -1.5, 4.0, 1998-12-17 05:30:00, None, None, 2.0
-3.0, None, None, 1.0, -3.0, -1.0, 1998-12-17 17:30:00, None, None, 3.0
-13.0, None, None, 0.0, -13.0, -3.0, 1998-12-18 05:30:00, None, None, 3.0
-13.0, None, None, 0.0, -13.0, -11.0, 1998-12-18 17:30:00, None, None, 3.0
-20.0, None, None, 0.0, -20.0, -13.0, 1998-12-19 05:30:00, None, None, 3.0
-18.0, None, None, 0.0, -20.0, -14.0, 1998-12-19 17:30:00, None, None, 3.0
-20.0, None, None, 0.0, -22.0, -18.0, 1998-12-20 05:30:00, None, None, 3.0
-15.0, None, None, 0.0, -20.0, -15.0, 1998-12-20 17:30:00, None, None, 3.0
-15.0, None, None, 0.1, -15.0, -15.0, 1998-12-21 05:30:00, None, None, 3.0
-14.0, None, None, 0.0, -18.0, -13.0, 1998-12-21 17:30:00, None, None, 3.0
-17.0, None, None, 0.0, -17.0, -13.0, 1998-12-22 05:30:00, None, None, 3.0
-13.0, None, None, 0.1, -13.0, -9.0, 1998-12-23 05:30:00, None, None, 3.0
-9.0, None, None, 0.1, -15.0, -9.0, 1998-12-23 17:30:00, None, None, 3.0
-12.0, None, None, 21.0, -12.0, -8.5, 1998-12-24 17:30:00, None, None, 25.0
-13.0, None, None, 1.0, -13.0, -12.0, 1998-12-25 05:30:00, None, None, 3.0
-6.0, None, None, 0.0, -13.0, -5.0, 1998-12-25 17:30:00, None, None, 23.0
-7.0, None, None, 3.0, -10.0, -5.0, 1998-12-26 05:30:00, None, None, 26.0
-7.0, None, None, 8.0, -7.0, -6.5, 1998-12-26 17:30:00, None, None, 28.0
-13.0, None, None, 3.0, -14.0, -7.5, 1998-12-27 05:30:00, None, None, 31.0
-11.0, None, None, 0.0, -13.0, -8.0, 1998-12-27 17:30:00, None, None, 31.0
-15.0, None, None, 2.0, -15.0, -11.0, 1998-12-28 05:30:00, None, None, 31.0
-13.0, None, None, 3.0, -15.0, -9.5, 1998-12-28 17:30:00, None, None, 30.0
-10.0, None, None, 2.0, -11.0, -10.0, 1998-12-29 05:30:00, None, None, 32.0
-7.0, None, None, 6.5, -11.0, -7.0, 1998-12-29 17:30:00, None, None, 32.0
-15.0, None, None, 0.0, -15.0, -7.0, 1998-12-30 05:30:00, None, None, 32.0
-5.0, None, None, 0.1, -16.0, -5.0, 1998-12-30 17:30:00, None, None, 30.0
-2.0, None, None, 1.0, -8.0, -2.0, 1998-12-31 05:30:00, None, None, 31.0
-6.0, None, None, 0.0, -6.0, 2.0, 1998-12-31 17:30:00, None, None, 28.0
-16.0, None, None, 0.0, -16.0, -7.0, 1999-01-01 05:30:00, None, None, 31.0
-10.0, None, None, 0.1, -16.0, -7.0, 1999-01-01 17:30:00, None, None, 31.0
-6.0, None, None, 1.0, -11.0, -6.0, 1999-01-02 05:30:00, None, None, 29.0
-6.0, None, None, 2.0, -9.0, -3.0, 1999-01-02 17:30:00, None, None, 31.0
-3.0, None, None, 2.0, -6.0, -2.0, 1999-01-03 05:30:00, None, None, 31.0
-5.0, None, None, 7.0, -10.0, -3.0, 1999-01-03 17:00:00, None, None, 35.0
1.0, None, None, 0.0, -2.0, 1.0, 1999-01-04 05:30:00, None, None, 32.0
2.0, None, None, 0.0, 1.0, 2.0, 1999-01-04 17:30:00, None, None, 32.0
0.0, None, None, 0.0, 0.0, 1.0, 1999-01-05 05:30:00, None, None, 31.0
-7.0, None, None, 0.0, -7.0, 1.0, 1999-01-05 17:30:00, None, None, 31.0
-15.0, None, None, 2.0, -15.0, 0.0, 1999-01-06 05:30:00, None, None, 33.0
-16.0, None, None, 4.0, -16.0, -12.0, 1999-01-06 17:30:00, None, None, 34.0
-15.0, None, None, 8.0, -16.0, -11.5, 1999-01-07 05:30:00, None, None, 40.0
-10.0, None, None, 2.0, -12.0, -10.0, 1999-01-07 17:30:00, None, None, 42.0
-4.0, None, None, 10.0, -10.5, -4.0, 1999-01-08 17:30:00, None, None, 56.0
-1.0, None, None, 0.0, -4.0, -1.0, 1999-01-09 05:30:00, None, None, 56.0
-8.0, None, None, 0.0, -16.0, -2.5, 1999-01-09 17:30:00, None, None, 56.0
-5.0, None, None, 0.0, -12.0, -4.5, 1999-01-10 05:30:00, None, None, 50.0
0.0, None, None, 8.0, -5.0, 0.0, 1999-01-10 17:30:00, None, None, 55.0
-1.0, None, None, 0.1, -1.0, 1.0, 1999-01-11 05:30:00, None, None, 53.0
-1.0, None, None, 0.0, -1.5, 1.5, 1999-01-11 17:30:00, None, None, 53.0
0.0, None, None, 0.1, -1.0, 1.0, 1999-01-12 05:30:00, None, None, 50.0
-1.5, None, None, 0.0, -2.5, 5.0, 1999-01-12 17:30:00, None, None, 50.0
-6.0, None, None, 0.0, -6.0, -1.0, 1999-01-13 05:30:00, None, None, 50.0
1.0, None, None, 0.1, -6.5, 1.5, 1999-01-13 17:30:00, None, None, 50.0
3.0, None, None, 0.1, 0.0, 3.5, 1999-01-14 05:30:00, None, None, 57.0
0.5, None, None, 0.0, 0.5, 5.0, 1999-01-14 17:30:00, None, None, 48.0
-5.0, None, None, 0.0, -5.5, 0.0, 1999-01-15 05:30:00, None, None, 47.0
-6.0, None, None, 0.0, -6.0, 3.0, 1999-01-15 17:30:00, None, None, 47.0
-11.0, None, None, 0.0, -12.0, -4.0, 1999-01-16 05:30:00, None, None, 47.0
-6.0, None, None, 0.0, -11.0, -6.0, 1999-01-16 17:30:00, None, None, 47.0
-8.0, None, None, 0.0, -9.0, -6.0, 1999-01-17 05:30:00, None, None, 47.0
-8.0, None, None, 0.0, -9.0, -5.5, 1999-01-17 17:20:00, None, None, 47.0
-6.0, None, None, 3.0, -8.0, -6.0, 1999-01-18 05:30:00, None, None, 50.0
-2.5, None, None, 0.0, -6.0, 0.0, 1999-01-18 17:30:00, None, None, 50.0
-5.0, None, None, 0.1, -6.0, -2.0, 1999-01-19 05:30:00, None, None, 50.0
-0.5, None, None, 0.0, -6.0, 4.5, 1999-01-19 17:30:00, None, None, 48.0
-6.5, None, None, 0.0, -6.5, 0.0, 1999-01-20 05:30:00, None, None, 48.0
-9.5, None, None, 0.0, -10.0, -6.0, 1999-01-20 17:30:00, None, None, 48.0
-13.0, None, None, 3.0, -13.0, -9.0, 1999-01-21 05:30:00, None, None, 51.0
-12.0, None, None, 2.0, -13.0, -10.0, 1999-01-21 17:30:00, None, None, 51.0
-15.0, None, None, 6.0, -15.0, -11.0, 1999-01-22 05:30:00, None, None, 56.0
-12.0, None, None, 3.0, -17.5, -11.0, 1999-01-22 17:30:00, None, None, 57.0
-23.0, None, None, 0.0, -23.0, -11.0, 1999-01-23 05:30:00, None, None, 67.0
-24.0, None, None, 0.0, -30.0, -13.5, 1999-01-23 17:30:00, None, None, 57.0
-18.0, None, None, 0.0, -30.0, -16.0, 1999-01-24 05:30:00, None, None, 57.0
-9.0, None, None, 0.0, -17.5, -9.0, 1999-01-24 17:30:00, None, None, 57.0
-7.0, None, None, 7.0, -9.0, -7.0, 1999-01-25 05:30:00, None, None, 59.0
-5.5, None, None, 4.0, -8.0, -2.5, 1999-01-25 17:30:00, None, None, 61.0
-6.0, None, None, 2.0, -8.0, -6.0, 1999-01-26 05:30:00, None, None, 62.0
-11.0, None, None, 0.0, -15.0, 4.5, 1999-01-26 17:30:00, None, None, 52.0
-4.5, None, None, 1.0, -14.0, -4.5, 1999-01-27 05:30:00, None, None, 63.0
-0.5, None, None, 1.0, -5.0, 1.0, 1999-01-27 17:30:00, None, None, 63.0
-15.0, None, None, 3.0, -15.0, -1.0, 1999-01-28 05:30:00, None, None, 63.0
-10.0, None, None, 0.0, -15.0, 1.0, 1999-01-28 17:30:00, None, None, 63.0
-4.5, None, None, 3.0, -4.5, 1.0, 1999-01-29 05:30:00, None, None, 56.0
-5.0, None, None, 3.0, -5.0, 0.5, 1999-01-29 17:30:00, None, None, 67.0
-19.0, None, None, 0.0, -19.0, -4.0, 1999-01-30 05:30:00, None, None, 67.0
-10.0, None, None, 0.0, -21.5, 0.0, 1999-01-30 17:30:00, None, None, 67.0
-17.0, None, None, 0.0, -17.0, 15.0, 1999-01-31 05:30:00, None, None, 67.0
-3.0, None, None, 0.0, -17.0, -0.5, 1999-01-31 17:30:00, None, None, 67.0
-10.0, None, None, 0.1, -12.0, -1.0, 1999-02-01 05:30:00, None, None, 56.0
-1.0, None, None, 5.0, -10.5, -1.0, 1999-02-01 17:30:00, None, None, 63.0
1.0, None, None, 0.1, -1.0, 1.0, 1999-02-02 05:30:00, None, None, 63.0
2.0, None, None, 0.0, 1.0, 3.0, 1999-02-02 17:30:00, None, None, 59.0
-12.0, None, None, 0.0, -12.5, 2.0, 1999-02-03 05:30:00, None, None, 59.0
-1.0, None, None, 0.1, -13.0, 1.0, 1999-02-03 17:30:00, None, None, 59.0
-1.0, None, None, 9.0, -1.5, -1.0, 1999-02-04 05:30:00, None, None, 65.0
-2.0, None, None, 0.1, -4.5, 1.0, 1999-02-04 17:30:00, None, None, 65.0
0.0, None, None, 0.1, -3.0, 1.0, 1999-02-05 05:30:00, None, None, 65.0
3.0, None, None, 0.0, -0.5, 4.0, 1999-02-05 18:00:00, None, None, 65.0
-2.0, None, None, 0.0, -4.0, 3.0, 1999-02-06 05:30:00, None, None, 65.0
-1.0, None, None, 0.0, -6.0, 5.0, 1999-02-06 17:30:00, None, None, 65.0
0.0, None, None, 5.0, -1.0, 0.0, 1999-02-07 05:30:00, None, None, 70.0
-6.0, None, None, 0.0, -9.5, 3.0, 1999-02-07 17:30:00, None, None, 70.0
-4.0, None, None, 1.0, -10.0, -2.0, 1999-02-08 05:30:00, None, None, 71.0
0.5, None, None, 0.0, -9.0, 3.5, 1999-02-08 17:30:00, None, None, 65.0
-18.0, None, None, 0.0, -18.0, 0.0, 1999-02-09 05:30:00, None, None, 65.0
-10.0, None, None, 0.0, -22.5, 2.0, 1999-02-09 17:30:00, None, None, 63.0
-23.0, None, None, 0.0, -23.0, -11.0, 1999-02-10 05:30:00, None, None, 63.0
-1.5, None, None, 0.0, -1.5, -1.5, 1999-02-11 05:30:00, None, None, 63.0
3.0, None, None, 0.0, -2.0, 4.5, 1999-02-11 17:30:00, None, None, 63.0
3.0, None, None, 0.0, 3.0, 3.0, 1999-02-12 05:30:00, None, None, 59.0
3.5, None, None, 0.0, 3.5, 5.0, 1999-02-13 05:30:00, None, None, 57.0
1.0, None, None, 0.0, 1.0, 6.5, 1999-02-13 17:30:00, None, None, 57.0
-6.0, None, None, 5.0, -7.0, 2.5, 1999-02-14 05:30:00, None, None, 57.0
-5.0, None, None, 0.0, -10.0, 5.0, 1999-02-14 17:30:00, None, None, 57.0
-15.0, None, None, 0.0, -15.0, -5.0, 1999-02-15 05:30:00, None, None, 57.0
-3.0, None, None, 0.0, -17.0, 4.5, 1999-02-15 17:30:00, None, None, 56.0
2.0, None, None, 0.0, -7.0, 3.0, 1999-02-16 05:30:00, None, None, 56.0
6.0, None, None, 0.0, 2.0, 7.0, 1999-02-16 17:30:00, None, None, 54.0
2.0, None, None, 0.0, -2.0, 5.0, 1999-02-17 05:30:00, None, None, 54.0
3.5, None, None, 0.0, -4.0, 7.0, 1999-02-17 17:30:00, None, None, 54.0
-8.0, None, None, 0.0, -8.0, 4.5, 1999-02-18 05:30:00, None, None, 54.0
-1.5, None, None, 0.0, -10.0, 4.0, 1999-02-18 17:30:00, None, None, 54.0
-2.0, None, None, 2.0, -2.0, 4.0, 1999-02-19 05:30:00, None, None, 56.0
-8.0, None, None, 0.0, -8.0, 4.5, 1999-02-20 05:30:00, None, None, 58.0
4.5, None, None, 0.0, -8.0, 7.0, 1999-02-20 17:30:00, None, None, 58.0
4.5, None, None, 0.0, -8.0, 6.0, 1999-02-21 05:30:00, None, None, 58.0
6.0, None, None, 0.0, 3.0, 7.0, 1999-02-21 17:30:00, None, None, 57.0
3.0, None, None, 0.0, 2.0, 5.0, 1999-02-22 05:30:00, None, None, 55.0
3.0, None, None, 0.0, 2.5, 8.5, 1999-02-22 17:30:00, None, None, 53.0
-2.0, None, None, 0.0, -2.0, 3.0, 1999-02-23 05:30:00, None, None, 52.0
0.5, None, None, 0.0, 0.5, 5.5, 1999-02-23 17:30:00, None, None, 52.0
-1.0, None, None, 3.0, -1.5, 1.5, 1999-02-24 05:30:00, None, None, 47.0
-6.0, None, None, 0.0, -6.0, 10.5, 1999-02-25 05:30:00, None, None, 47.0
2.5, None, None, 0.0, -6.0, 8.0, 1999-02-25 17:30:00, None, None, 47.0
-5.0, None, None, 0.0, -5.0, 3.5, 1999-02-26 05:30:00, None, None, 47.0
0.5, None, None, 0.0, -4.5, 4.0, 1999-02-26 17:30:00, None, None, 47.0
-1.0, None, None, 2.0, -1.5, 1.5, 1999-02-27 05:30:00, None, None, 50.0
4.5, None, None, 0.0, -1.0, 6.0, 1999-02-27 17:30:00, None, None, 47.0
0.0, None, None, 0.0, -1.0, 5.0, 1999-02-28 05:30:00, None, None, 47.0
3.0, None, None, 0.0, 0.0, 7.0, 1999-02-28 17:30:00, None, None, 45.0
-9.0, None, None, 0.0, -9.0, 4.0, 1999-03-01 05:30:00, None, None, 45.0
4.0, None, None, 0.0, -9.0, 5.0, 1999-03-01 17:30:00, None, None, 45.0
-5.0, None, None, 0.0, -5.0, 4.0, 1999-03-02 05:30:00, None, None, 45.0
3.0, None, None, 0.0, -4.5, 7.0, 1999-03-02 17:30:00, None, None, 45.0
1.0, None, None, 0.0, -1.0, 3.0, 1999-03-03 05:30:00, None, None, 45.0
1.5, None, None, 0.0, 0.5, 2.0, 1999-03-03 17:30:00, None, None, 44.0
-6.0, None, None, 3.0, -6.0, 1.0, 1999-03-04 05:30:00, None, None, 47.0
-1.0, None, None, 0.0, -7.0, 2.0, 1999-03-04 17:30:00, None, None, 45.0
-3.0, None, None, 3.0, -3.0, -1.0, 1999-03-05 05:30:00, None, None, 48.0
1.5, None, None, 0.0, -4.5, 4.0, 1999-03-05 17:30:00, None, None, 47.0
-4.0, None, None, 0.0, -5.5, 1.0, 1999-03-06 05:30:00, None, None, 47.0
3.0, None, None, 0.0, -4.0, 3.5, 1999-03-06 17:30:00, None, None, 46.0
-12.0, None, None, 0.0, -15.5, 2.5, 1999-03-07 05:30:00, None, None, 46.0
0.0, None, None, 0.0, -12.0, 3.0, 1999-03-07 17:30:00, None, None, 45.0
-10.0, None, None, 0.0, -10.0, 0.0, 1999-03-08 05:30:00, None, None, 45.0
4.0, None, None, 0.0, -10.0, 6.0, 1999-03-08 17:30:00, None, None, 44.0
-9.0, None, None, 0.0, -9.0, 4.0, 1999-03-09 05:30:00, None, None, 44.0
-7.0, None, None, 0.0, -7.5, 0.0, 1999-03-10 05:30:00, None, None, 44.0
-10.0, None, None, 0.0, -10.0, 3.0, 1999-03-11 05:30:00, None, None, 43.0
7.0, None, None, 0.0, -5.0, 7.0, 1999-03-11 16:30:00, None, None, 97.0
2.5, None, None, 0.0, -0.5, 7.0, 1999-03-11 17:45:00, None, None, 43.0
4.0, None, None, 0.0, 0.0, 4.5, 1999-03-12 05:30:00, None, None, 39.0
8.0, None, None, 0.0, 4.0, 9.0, 1999-03-12 17:30:00, None, None, 35.0
0.0, None, None, 0.0, 0.0, 9.0, 1999-03-13 05:30:00, None, None, 35.0
1.5, None, None, 3.0, 0.0, 2.0, 1999-03-13 17:30:00, None, None, 37.0
-2.0, None, None, 0.0, -4.0, 1.0, 1999-03-14 05:30:00, None, None, 37.0
0.0, None, None, 3.0, -8.0, 5.5, 1999-03-14 17:00:00, None, None, 41.0
-9.0, None, None, 0.0, -9.5, 0.0, 1999-03-15 05:30:00, None, None, 41.0
3.0, None, None, 0.0, -10.0, 4.0, 1999-03-15 17:30:00, None, None, 36.0
-3.0, None, None, 0.0, -4.0, 2.0, 1999-03-16 05:30:00, None, None, 36.0
5.0, None, None, 0.0, -6.5, 5.0, 1999-03-16 17:30:00, None, None, 36.0
-7.0, None, None, 0.0, -8.5, 5.0, 1999-03-17 05:30:00, None, None, 36.0
5.5, None, None, 0.0, -10.5, 7.5, 1999-03-17 17:30:00, None, None, 34.0
-1.5, None, None, 0.0, -1.5, 5.0, 1999-03-18 05:30:00, None, None, 34.0
7.5, None, None, 0.0, -2.0, 7.5, 1999-03-18 17:30:00, None, None, 33.0
-9.5, None, None, 0.0, -9.5, 7.0, 1999-03-19 05:30:00, None, None, 33.0
3.5, None, None, 0.0, -10.0, 9.0, 1999-03-19 17:30:00, None, None, 31.0
-7.0, None, None, 0.0, -7.0, -5.0, 1999-03-20 05:30:00, None, None, 33.0
5.0, None, None, 0.0, -5.5, 15.0, 1999-03-20 17:30:00, None, None, 32.0
-3.0, None, None, 0.0, -5.0, 4.5, 1999-03-21 05:30:00, None, None, 25.0
5.0, None, None, 0.0, -5.0, 8.0, 1999-03-21 17:30:00, None, None, 22.0
-4.0, None, None, 0.0, -4.0, 5.0, 1999-03-22 05:30:00, None, None, 20.0
4.5, None, None, 0.0, 2.5, 12.5, 1999-03-22 17:30:00, None, None, 20.0
-1.0, None, None, 0.0, -1.0, 4.0, 1999-03-23 05:30:00, None, None, 18.0
6.5, None, None, 0.0, -1.5, 12.0, 1999-03-23 17:10:00, None, None, 12.0
3.0, None, None, 0.0, 3.0, 8.0, 1999-03-24 05:30:00, None, None, 12.0
-3.0, None, None, 0.0, -3.0, 6.0, 1999-03-25 05:30:00, None, None, 6.0
8.0, None, None, 0.0, -4.0, 9.5, 1999-03-25 17:30:00, None, None, 4.0
-3.0, None, None, 0.0, -3.0, 7.0, 1999-03-26 05:30:00, None, None, 4.0
0.5, None, None, 1.0, -13.0, 6.0, 1999-03-26 17:30:00, None, None, 4.0
-9.0, None, None, 0.0, -9.0, 1.5, 1999-03-27 05:30:00, None, None, 2.0
5.0, None, None, 0.0, -7.0, 5.0, 1999-03-27 17:30:00, None, None, 3.0
-10.0, None, None, None, -10.0, 6.0, 1999-11-01 05:30:00, None, None, None
2.5, None, None, 0.0, -10.0, 4.5, 1999-11-01 16:30:00, None, None, 0.0
-5.0, None, None, 0.0, -6.0, 2.0, 1999-11-02 05:30:00, None, None, 0.0
6.0, None, None, 0.0, -6.0, 6.0, 1999-11-02 16:30:00, None, None, 0.0
-1.0, None, None, 1.0, -1.0, 4.0, 1999-11-03 05:30:00, None, None, 1.0
-5.0, None, None, 3.0, -5.0, 0.0, 1999-11-04 05:30:00, None, None, 9.0
-1.5, None, None, 0.0, -7.0, 1.0, 1999-11-04 16:30:00, None, None, 9.0
-4.5, None, None, 0.0, -5.5, 1.0, 1999-11-05 05:30:00, None, None, 9.0
-1.0, None, None, 0.0, -5.5, -0.5, 1999-11-06 05:30:00, None, None, 9.0
0.0, None, None, 0.0, -1.0, 1.0, 1999-11-06 16:30:00, None, None, 9.0
0.0, None, None, 0.0, -0.5, 1.5, 1999-11-07 05:30:00, None, None, 8.0
0.0, None, None, 2.0, 0.0, 2.0, 1999-11-07 16:30:00, None, None, 9.0
0.0, None, None, 0.0, 0.0, 1.0, 1999-11-08 05:30:00, None, None, 7.0
1.0, None, None, 0.0, -1.0, 2.5, 1999-11-08 16:30:00, None, None, 6.0
7.0, None, None, 0.0, 0.0, 7.0, 1999-11-09 05:30:00, None, None, 6.0
7.0, None, None, 0.0, 5.5, 9.0, 1999-11-09 16:30:00, None, None, 6.0
0.0, None, None, 0.0, 0.0, 8.0, 1999-11-10 05:30:00, None, None, 0.0
1.0, None, None, 0.0, -1.0, 10.0, 1999-11-10 16:30:00, None, None, 0.0
1.5, None, None, 0.0, -1.0, 4.0, 1999-11-11 05:30:00, None, None, 0.0
4.0, None, None, 0.0, -2.0, 5.0, 1999-11-11 16:30:00, None, None, 0.0
0.0, None, None, 0.0, -1.0, 4.0, 1999-11-12 05:30:00, None, None, 0.0
2.0, None, None, 0.0, 0.0, 4.0, 1999-11-12 16:30:00, None, None, 0.0
-3.0, None, None, 0.0, -3.0, 2.0, 1999-11-13 05:30:00, None, None, 0.0
1.0, None, None, 0.0, -4.0, 1.5, 1999-11-13 16:30:00, None, None, 0.0
1.5, None, None, 0.0, -1.0, 2.0, 1999-11-14 05:30:00, None, None, 0.0
3.0, None, None, 0.0, 0.0, 5.0, 1999-11-14 16:30:00, None, None, 0.0
3.0, None, None, 0.0, 1.0, 4.0, 1999-11-15 05:30:00, None, None, 0.0
6.0, None, None, 0.0, 2.5, 7.0, 1999-11-15 16:30:00, None, None, 0.0
0.0, None, None, 0.0, 0.0, 6.0, 1999-11-16 05:30:00, None, None, 0.0
7.0, None, None, 0.0, 0.0, 12.0, 1999-11-16 16:30:00, None, None, 0.0
1.0, None, None, 0.0, 0.0, 1.0, 1999-11-17 05:30:00, None, None, 0.0
2.0, None, None, 0.0, 1.0, 4.5, 1999-11-17 16:30:00, None, None, 0.0
2.0, None, None, 0.0, 0.0, 2.0, 1999-11-18 05:30:00, None, None, 0.0
2.5, None, None, 0.0, 1.5, 4.5, 1999-11-18 16:30:00, None, None, 0.0
5.0, None, None, 0.0, 1.0, 5.0, 1999-11-19 05:30:00, None, None, 0.0
7.0, None, None, 0.0, 4.5, 7.5, 1999-11-19 16:30:00, None, None, 0.0
2.0, None, None, 0.0, 2.0, 7.5, 1999-11-20 05:30:00, None, None, 0.0
-1.5, None, None, 0.0, -1.5, 6.5, 1999-11-20 17:00:00, None, None, 0.0
-6.0, None, None, 0.0, -7.0, 4.0, 1999-11-21 05:30:00, None, None, 0.0
-2.0, None, None, 1.0, -5.5, 0.0, 1999-11-21 16:30:00, None, None, None
-2.0, None, None, 0.1, -6.0, -2.0, 1999-11-22 05:30:00, None, None, 0.0
1.5, None, None, 0.1, -2.0, 2.5, 1999-11-22 16:30:00, None, None, 0.0
-4.0, None, None, 0.1, -4.0, 1.0, 1999-11-23 05:30:00, None, None, 0.0
-3.0, None, None, 0.0, -6.0, 2.0, 1999-11-23 17:00:00, None, None, 0.0
3.0, None, None, 0.1, -4.0, 3.0, 1999-11-24 05:30:00, None, None, 0.0
2.5, None, None, 0.9, 2.5, 6.0, 1999-11-24 16:30:00, None, None, 0.0
-9.0, None, None, 0.0, -9.0, 2.0, 1999-11-25 05:30:00, None, None, 0.0
-2.5, None, None, 0.0, -10.0, 1.5, 1999-11-25 16:30:00, None, None, 0.0
-8.0, None, None, 0.0, -10.0, -2.0, 1999-11-26 05:30:00, None, None, 0.0
-6.5, None, None, 1.0, -9.0, -1.0, 1999-11-26 16:30:00, None, None, 1.0
-14.5, None, None, None, -14.5, -6.5, 1999-11-27 05:30:00, None, None, 1.0
-7.5, None, None, 0.1, -15.0, -5.0, 1999-11-27 16:30:00, None, None, 1.0
-1.0, None, None, 0.1, -7.0, 1.0, 1999-11-28 05:30:00, None, None, 1.0
6.5, None, None, 0.0, -1.0, 8.5, 1999-11-28 16:30:00, None, None, 0.0
5.0, None, None, 0.0, 3.0, 7.0, 1999-11-29 05:30:00, None, None, 0.0
11.0, None, None, 0.0, 3.0, 11.5, 1999-11-29 16:30:00, None, None, 0.0
0.0, None, None, None, 0.0, 11.0, 1999-11-30 05:30:00, None, None, None
-1.5, None, None, 0.0, -1.5, 6.0, 1999-11-30 16:30:00, None, None, 0.0
-9.0, None, None, 0.0, -9.0, -1.0, 1999-12-01 05:30:00, None, None, 0.0
3.5, None, None, 0.0, -9.0, 3.5, 1999-12-01 16:00:00, None, None, 0.0
0.0, None, None, 0.1, 0.0, 4.0, 1999-12-02 05:30:00, None, None, 0.1
-3.0, None, None, 3.0, -3.0, 1.0, 1999-12-02 16:30:00, None, None, 3.0
-7.0, None, None, 0.0, -10.0, -2.0, 1999-12-03 05:30:00, None, None, 3.0
-1.0, None, None, 0.0, -10.0, 0.5, 1999-12-03 16:30:00, None, None, 3.0
0.0, None, None, 5.0, -1.0, 0.5, 1999-12-04 05:30:00, None, None, 5.0
3.0, None, None, 0.0, -1.0, 4.0, 1999-12-04 16:30:00, None, None, 5.0
-0.5, None, None, 0.1, -0.5, 4.0, 1999-12-05 05:30:00, None, None, 5.0
2.0, None, None, 0.0, -5.0, 2.5, 1999-12-05 16:30:00, None, None, 5.0
1.0, None, None, 0.0, 0.0, 4.0, 1999-12-06 05:30:00, None, None, 4.0
0.0, None, None, 6.0, -2.0, 2.0, 1999-12-06 17:30:00, None, None, 11.0
-2.0, None, None, 6.0, -2.0, 2.0, 1999-12-06 18:00:00, None, None, 11.0
-10.0, None, None, 0.0, -10.0, 0.0, 1999-12-07 05:30:00, None, None, 11.0
-5.0, None, None, 0.0, -10.0, -2.5, 1999-12-07 16:30:00, None, None, 11.0
-14.0, None, None, 0.0, -15.0, -4.0, 1999-12-08 05:30:00, None, None, 11.0
-1.0, None, None, 0.0, -14.0, -1.0, 1999-12-08 16:30:00, None, None, 11.0
2.0, None, None, 0.1, -1.0, 2.0, 1999-12-09 05:30:00, None, None, None
-1.5, None, None, 0.0, -1.5, 4.5, 1999-12-09 16:30:00, None, None, 10.0
-4.0, None, None, 0.1, -5.0, 0.0, 1999-12-10 05:30:00, None, None, 10.0
-0.5, None, None, 1.0, -4.5, 0.0, 1999-12-10 16:00:00, None, None, 11.0
-0.5, None, None, 10.0, -0.5, 1.0, 1999-12-11 05:30:00, None, None, 10.0
-2.0, None, None, 0.0, -7.5, 0.0, 1999-12-11 16:30:00, None, None, 22.0
0.0, None, None, 1.0, -4.0, 0.5, 1999-12-12 05:30:00, None, None, 23.0
-2.0, None, None, 0.0, -2.5, 1.5, 1999-12-12 16:30:00, None, None, 23.0
-12.0, None, None, 0.0, -13.0, 0.0, 1999-12-13 05:30:00, None, None, 23.0
-4.5, None, None, 0.0, -12.0, -2.5, 1999-12-13 16:30:00, None, None, 23.0
-11.0, None, None, 0.0, -13.0, -4.0, 1999-12-14 05:30:00, None, None, 22.0
-4.5, None, None, 0.1, -11.5, -3.5, 1999-12-14 16:30:00, None, None, 19.0
-2.0, None, None, 0.1, -8.0, -2.0, 1999-12-15 05:30:00, None, None, 19.0
2.5, None, None, 0.0, -3.0, 3.5, 1999-12-15 16:30:00, None, None, 19.0
-1.0, None, None, 0.0, -1.0, 4.0, 1999-12-16 05:30:00, None, None, 19.0
4.5, None, None, 0.0, -2.0, 4.5, 1999-12-16 16:30:00, None, None, 17.0
-2.0, None, None, 0.0, -2.5, 4.5, 1999-12-17 05:30:00, None, None, 17.0
0.0, None, None, 1.0, -3.0, 1.0, 1999-12-17 16:30:00, None, None, 19.0
-0.5, None, None, 1.0, -0.5, 1.5, 1999-12-18 05:30:00, None, None, 20.0
-7.0, None, None, 0.0, -7.0, -0.5, 1999-12-18 16:30:00, None, None, 20.0
-11.5, None, None, 1.0, -11.5, -6.0, 1999-12-19 05:30:00, None, None, 20.0
-5.0, None, None, 4.0, -11.5, -4.0, 1999-12-19 16:30:00, None, None, 23.0
-6.0, None, None, 0.0, -7.0, -4.0, 1999-12-20 05:30:00, None, None, 22.0
-12.0, None, None, 0.0, -12.0, -1.0, 1999-12-21 05:30:00, None, None, 22.0
-8.0, None, None, 0.0, -13.5, -3.0, 1999-12-21 16:30:00, None, None, 21.0
-10.0, None, None, 0.0, -13.0, -8.0, 1999-12-22 05:30:00, None, None, 21.0
-6.0, None, None, 0.0, -11.0, -4.0, 1999-12-22 16:30:00, None, None, 21.0
-3.0, None, None, 0.0, -7.0, -3.0, 1999-12-23 05:30:00, None, None, 21.0
-1.0, None, None, 0.0, -4.5, -0.5, 1999-12-23 16:30:00, None, None, 21.0
0.0, None, None, 0.0, 0.0, 0.5, 1999-12-24 05:30:00, None, None, 21.0
-1.0, None, None, 0.0, -1.0, 2.0, 1999-12-24 16:00:00, None, None, 21.0
-2.0, None, None, 0.0, -4.0, 2.0, 1999-12-25 05:30:00, None, None, 21.0
-2.5, None, None, 0.0, -3.0, 0.5, 1999-12-25 16:30:00, None, None, 21.0
-11.0, None, None, 0.0, -11.0, -9.0, 1999-12-26 05:30:00, None, None, 21.0
-6.0, None, None, 0.0, -11.5, 0.0, 1999-12-26 16:30:00, None, None, 21.0
-12.0, None, None, 0.0, -12.0, -8.5, 1999-12-27 05:30:00, None, None, 21.0
-3.0, None, None, 0.0, -7.5, 1.5, 1999-12-27 16:30:00, None, None, 21.0
-13.0, None, None, 0.0, -13.0, 0.0, 1999-12-28 05:30:00, None, None, 21.0
-0.5, None, None, 0.0, -13.0, 1.0, 1999-12-28 16:30:00, None, None, 21.0
-3.0, None, None, 0.0, -3.0, 0.0, 1999-12-29 05:30:00, None, None, 21.0
-3.0, None, None, 0.0, -5.0, -1.5, 1999-12-29 16:00:00, None, None, 21.0
-12.0, None, None, 0.0, -12.0, -1.0, 1999-12-30 05:30:00, None, None, 21.0
-4.0, None, None, 4.0, -13.0, -4.0, 1999-12-30 16:30:00, None, None, 24.0
-1.0, None, None, 2.0, -5.5, 0.0, 1999-12-31 15:30:00, None, None, 25.0
-2.5, None, None, 6.0, -2.5, 0.5, 2000-01-01 05:30:00, None, None, 29.0
-6.5, None, None, 4.0, -6.5, -1.0, 2000-01-01 19:00:00, None, None, 33.0
-12.0, None, None, 0.0, -12.0, -7.0, 2000-01-02 05:30:00, None, None, 33.0
-17.0, None, None, 0.0, -17.0, -6.0, 2000-01-02 16:30:00, None, None, 33.0
-11.0, None, None, 0.0, -17.0, -11.0, 2000-01-03 05:30:00, None, None, 33.0
-3.0, None, None, 4.0, -17.0, -3.0, 2000-01-03 16:30:00, None, None, 33.0
-1.0, None, None, 8.0, -3.0, -1.0, 2000-01-04 05:30:00, None, None, 39.0
-1.5, None, None, 2.0, -1.5, 1.5, 2000-01-04 16:30:00, None, None, 38.0
-11.0, None, None, 0.0, -11.0, -2.0, 2000-01-05 05:30:00, None, None, 38.0
-3.0, None, None, 0.1, -11.0, -2.5, 2000-01-05 16:00:00, None, None, 37.0
-1.0, None, None, 10.0, -3.0, -1.0, 2000-01-06 05:30:00, None, None, 43.0
1.0, None, None, 4.0, -1.0, 1.0, 2000-01-06 16:30:00, None, None, 46.0
0.0, None, None, 0.0, -1.0, 1.0, 2000-01-07 05:30:00, None, None, 46.0
1.5, None, None, 0.0, -1.0, 1.5, 2000-01-07 16:30:00, None, None, 47.0
2.5, None, None, 0.0, 1.0, 3.0, 2000-01-08 05:30:00, None, None, 41.0
-3.0, None, None, 0.1, -3.0, 3.5, 2000-01-08 16:30:00, None, None, 41.0
-3.0, None, None, 0.1, -9.0, -3.0, 2000-01-09 05:30:00, None, None, 41.0
-4.0, None, None, 0.1, -7.0, 2.0, 2000-01-09 16:30:00, None, None, 41.0
-11.0, None, None, 0.0, -13.0, -3.0, 2000-01-10 05:30:00, None, None, 41.0
-4.5, None, None, 0.0, -11.5, -3.5, 2000-01-10 16:30:00, None, None, 40.0
-17.0, None, None, 0.0, -21.0, -8.0, 2000-01-11 05:30:00, None, None, 40.0
-10.0, None, None, 0.1, -17.5, -10.0, 2000-01-11 16:30:00, None, None, 39.0
-15.0, None, None, 0.1, -15.0, -10.0, 2000-01-12 05:30:00, None, None, 39.0
-14.0, None, None, 2.0, -16.0, -13.5, 2000-01-12 16:30:00, None, None, 40.0
-18.0, None, None, 0.0, -19.0, -14.0, 2000-01-13 05:30:00, None, None, 40.0
-14.5, None, None, 4.0, -18.0, -13.0, 2000-01-13 16:30:00, None, None, 44.0
-17.0, None, None, 6.0, -17.0, -8.0, 2000-01-14 05:30:00, None, None, 47.0
-17.0, None, None, 3.0, -18.0, -13.0, 2000-01-14 16:30:00, None, None, 48.0
-18.0, None, None, 0.0, -18.0, -6.5, 2000-01-15 05:30:00, None, None, 48.0
-13.0, None, None, 1.0, -19.0, -12.0, 2000-01-15 16:30:00, None, None, 48.0
-19.0, None, None, 0.0, -20.0, -14.0, 2000-01-16 05:30:00, None, None, 48.0
-17.0, None, None, 0.0, -21.0, -16.5, 2000-01-16 16:30:00, None, None, 48.0
-15.0, None, None, 6.0, -17.0, -15.0, 2000-01-17 05:30:00, None, None, 49.0
-11.0, None, None, 2.0, -15.5, -11.0, 2000-01-17 16:30:00, None, None, 50.0
-14.0, None, None, 4.0, -14.0, -11.0, 2000-01-18 05:30:00, None, None, 53.0
-17.0, None, None, 0.0, -17.0, -11.5, 2000-01-18 16:30:00, None, None, 52.0
-27.0, None, None, 0.0, -27.0, -17.0, 2000-01-19 05:30:00, None, None, 52.0
-16.5, None, None, 0.0, -29.5, -16.5, 2000-01-19 16:00:00, None, None, 49.0
-26.0, None, None, 0.0, -27.0, -14.0, 2000-01-20 05:30:00, None, None, 49.0
-17.0, None, None, 0.0, -27.0, -17.0, 2000-01-20 16:00:00, None, None, 47.0
-21.0, None, None, 0.0, -27.0, -17.0, 2000-01-21 05:30:00, None, None, 47.0
-15.0, None, None, 0.1, -27.5, -15.0, 2000-01-21 16:30:00, None, None, 47.0
-25.0, None, None, 0.1, -25.0, -14.0, 2000-01-22 05:30:00, None, None, 47.0
-16.0, None, None, 0.0, -26.5, -11.5, 2000-01-22 16:30:00, None, None, 47.0
-24.0, None, None, None, -25.0, -16.5, 2000-01-23 05:30:00, None, None, 47.0
-11.0, None, None, 0.0, -25.0, -11.0, 2000-01-23 16:30:00, None, None, 47.0
-12.0, None, None, 0.0, -12.0, -10.0, 2000-01-24 05:30:00, None, None, 45.0
-7.5, None, None, 0.0, -12.5, -7.5, 2000-01-24 16:00:00, None, None, 45.0
-11.0, None, None, 0.0, -11.0, -7.0, 2000-01-25 05:30:00, None, None, 45.0
-14.0, None, None, 0.0, -14.0, -10.0, 2000-01-26 05:30:00, None, None, 45.0
-5.5, None, None, 0.0, -15.0, -5.0, 2000-01-26 16:00:00, None, None, 44.0
-11.0, None, None, 0.1, -15.0, -5.0, 2000-01-27 05:30:00, None, None, 45.0
-4.0, None, None, 0.0, -11.0, 2.0, 2000-01-27 16:30:00, None, None, 44.0
-8.0, None, None, 0.0, -8.0, -1.0, 2000-01-28 05:30:00, None, None, 44.0
0.0, None, None, 0.0, -10.0, 1.5, 2000-01-28 16:30:00, None, None, 44.0
-5.5, None, None, 0.0, -7.0, 0.0, 2000-01-29 05:30:00, None, None, 44.0
-3.0, None, None, 0.0, -6.5, 2.0, 2000-01-29 16:30:00, None, None, 44.0
-17.5, None, None, 0.0, -18.0, -3.0, 2000-01-30 05:30:00, None, None, 44.0
-6.0, None, None, 0.0, -19.5, 2.0, 2000-01-30 16:30:00, None, None, 43.0
-11.0, None, None, 0.0, -16.0, -6.0, 2000-01-31 05:30:00, None, None, 43.0
0.0, None, None, 0.0, -11.0, 5.0, 2000-01-31 16:30:00, None, None, 43.0
1.0, None, None, 1.0, -4.0, 3.0, 2000-02-01 05:30:00, None, None, 43.0
2.5, None, None, 0.0, 1.0, 4.0, 2000-02-01 16:30:00, None, None, 42.0
0.0, None, None, 0.0, 0.0, 3.0, 2000-02-02 05:30:00, None, None, 42.0
-1.0, None, None, 0.0, -1.0, 3.5, 2000-02-02 16:39:00, None, None, 42.0
-7.0, None, None, 0.0, -8.0, 0.0, 2000-02-03 05:30:00, None, None, 42.0
-3.5, None, None, 0.0, -7.0, -1.0, 2000-02-03 16:00:00, None, None, 42.0
-8.0, None, None, 0.0, -13.0, -3.0, 2000-02-04 05:30:00, None, None, 42.0
-8.0, None, None, 0.0, -10.0, -7.0, 2000-02-04 16:30:00, None, None, 42.0
-9.5, None, None, 0.0, -9.5, -7.5, 2000-02-05 05:30:00, None, None, 42.0
-9.0, None, None, 0.0, -10.5, -8.0, 2000-02-05 16:30:00, None, None, 42.0
-5.0, None, None, 0.0, -15.0, -4.0, 2000-02-06 16:30:00, None, None, 42.0
-9.0, None, None, 0.0, -14.0, -5.0, 2000-02-07 05:30:00, None, None, 41.0
-1.5, None, None, 0.0, -9.0, -1.5, 2000-02-07 16:30:00, None, None, 41.0
-5.0, None, None, 0.0, -5.0, -1.0, 2000-02-08 05:30:00, None, None, 41.0
1.5, None, None, 0.0, -8.0, 5.5, 2000-02-08 16:00:00, None, None, 41.0
-5.0, None, None, 0.0, -8.0, 2.0, 2000-02-09 05:30:00, None, None, 41.0
-5.0, None, None, 1.0, -5.5, -4.5, 2000-02-09 16:00:00, None, None, 22.0
-10.0, None, None, 1.0, -10.0, -5.0, 2000-02-10 05:30:00, None, None, 42.0
-7.0, None, None, 0.0, -14.5, -6.5, 2000-02-10 16:00:00, None, None, 42.0
-27.0, None, None, 0.0, -27.0, -12.0, 2000-02-11 05:30:00, None, None, 42.0
-12.0, None, None, 0.1, -17.0, -10.5, 2000-02-11 16:30:00, None, None, 42.0
-10.0, None, None, 0.0, -28.5, -7.5, 2000-02-12 16:30:00, None, None, 42.0
-27.0, None, None, 0.0, -28.0, -11.0, 2000-02-13 05:30:00, None, None, 42.0
-9.0, None, None, 0.0, -29.5, -9.0, 2000-02-13 16:30:00, None, None, 42.0
-28.0, None, None, 0.0, -28.0, -9.0, 2000-02-14 05:30:00, None, None, 42.0
-10.0, None, None, 0.0, -28.0, -8.0, 2000-02-14 06:30:00, None, None, 42.0
-23.0, None, None, 0.0, -23.0, -9.0, 2000-02-15 05:30:00, None, None, 42.0
-8.0, None, None, 0.0, -23.0, -4.0, 2000-02-15 16:30:00, None, None, 42.0
-10.0, None, None, 0.0, -18.0, -8.0, 2000-02-16 05:30:00, None, None, 42.0
-1.0, None, None, 0.0, -10.0, -1.0, 2000-02-16 16:30:00, None, None, 41.0
-8.0, None, None, 0.0, -8.0, -1.0, 2000-02-17 05:30:00, None, None, 41.0
0.0, None, None, 0.0, -8.0, 0.0, 2000-02-17 16:30:00, None, None, 41.0
-18.0, None, None, 0.0, -18.0, 0.0, 2000-02-18 05:30:00, None, None, 41.0
1.0, None, None, 0.0, -7.0, 1.5, 2000-02-18 16:30:00, None, None, 41.0
-6.0, None, None, 0.0, -7.0, 1.0, 2000-02-19 05:30:00, None, None, 41.0
0.5, None, None, 0.0, -3.0, 2.0, 2000-02-19 16:30:00, None, None, 41.0
-9.0, None, None, 0.0, -9.5, 1.0, 2000-02-20 05:30:00, None, None, 41.0
3.5, None, None, 0.0, -9.5, 4.0, 2000-02-20 16:30:00, None, None, 41.0
-1.0, None, None, 0.0, -3.0, 4.0, 2000-02-21 05:30:00, None, None, 41.0
5.0, None, None, 0.0, -1.0, 10.5, 2000-02-21 16:30:00, None, None, 41.0
-4.0, None, None, 0.0, -4.0, 7.0, 2000-02-22 05:30:00, None, None, 41.0
9.5, None, None, 0.0, 0.0, 12.0, 2000-02-22 16:30:00, None, None, 36.0
-6.0, None, None, 0.0, -6.0, 11.0, 2000-02-23 05:30:00, None, None, 36.0
8.5, None, None, 0.0, -8.5, 8.5, 2000-02-23 16:30:00, None, None, 34.0
-12.0, None, None, 0.0, -12.0, 8.0, 2000-02-24 05:30:00, None, None, 34.0
6.5, None, None, 0.0, -8.0, 6.5, 2000-02-24 16:30:00, None, None, 34.0
-10.0, None, None, 0.0, -10.0, 6.5, 2000-02-25 05:00:00, None, None, 34.0
4.0, None, None, 0.0, -10.0, 4.5, 2000-02-25 16:30:00, None, None, 31.0
-1.0, None, None, 3.0, -1.0, 4.0, 2000-02-26 05:30:00, None, None, 34.0
6.0, None, None, 0.0, -1.0, 6.0, 2000-02-26 16:30:00, None, None, 33.0
-9.5, None, None, 0.0, -9.5, 4.5, 2000-02-27 05:30:00, None, None, 33.0
1.0, None, None, 0.0, -12.0, 1.0, 2000-02-27 16:30:00, None, None, 33.0
-8.0, None, None, 0.0, -8.0, 1.0, 2000-02-28 05:30:00, None, None, 33.0
2.0, None, None, 0.0, -10.5, 3.5, 2000-02-28 16:30:00, None, None, 33.0
-4.0, None, None, 0.0, -7.0, 2.0, 2000-02-29 05:30:00, None, None, 33.0
7.0, None, None, 0.0, -4.0, 7.0, 2000-02-29 16:00:00, None, None, 33.0
-6.0, None, None, 0.0, -6.0, 7.0, 2000-03-01 05:30:00, None, None, 32.0
2.0, None, None, 0.0, -6.0, 4.0, 2000-03-01 16:30:00, None, None, 32.0
3.0, None, None, 0.0, 1.0, 4.0, 2000-03-02 05:30:00, None, None, 31.0
8.5, None, None, 0.0, 2.5, 9.5, 2000-03-02 16:30:00, None, None, 30.0
3.0, None, None, 0.0, 0.0, 8.0, 2000-03-03 05:30:00, None, None, 30.0
7.0, None, None, 0.0, 2.0, 7.5, 2000-03-03 16:30:00, None, None, 25.0
-6.0, None, None, 0.0, -7.0, 7.0, 2000-03-04 05:30:00, None, None, 24.0
5.0, None, None, 0.0, 1.5, 5.5, 2000-03-04 16:30:00, None, None, 24.0
-14.0, None, None, 0.0, -14.0, 5.0, 2000-03-05 05:30:00, None, None, 24.0
4.5, None, None, 0.0, -14.0, 5.0, 2000-03-05 16:30:00, None, None, 24.0
-15.0, None, None, 0.0, -15.0, 4.0, 2000-03-06 05:30:00, None, None, 24.0
-11.0, None, None, 0.0, -11.0, 4.0, 2000-03-07 05:30:00, None, None, 23.0
5.0, None, None, 0.0, -11.0, 14.5, 2000-03-07 16:30:00, None, None, 23.0
-8.0, None, None, 0.0, -8.0, 5.0, 2000-03-08 05:30:00, None, None, 22.0
5.5, None, None, 0.0, -8.0, 6.5, 2000-03-08 16:00:00, None, None, 22.0
-2.0, None, None, 0.0, -2.0, 5.0, 2000-03-09 05:30:00, None, None, 20.0
6.0, None, None, 0.0, -2.0, 6.0, 2000-03-09 16:00:00, None, None, 20.0
-5.0, None, None, 0.0, -5.0, 5.0, 2000-03-10 05:30:00, None, None, 19.0
10.0, None, None, 0.0, 2.0, 10.5, 2000-03-10 16:30:00, None, None, 19.0
0.0, None, None, 0.0, -0.5, 10.5, 2000-03-11 05:30:00, None, None, 18.0
4.0, None, None, 0.0, 4.0, 9.0, 2000-03-11 16:30:00, None, None, 18.0
-6.0, None, None, 0.0, -6.0, 4.0, 2000-03-12 05:30:00, None, None, 18.0
8.0, None, None, 0.0, -6.0, 8.5, 2000-03-12 16:30:00, None, None, 17.0
-5.0, None, None, 0.0, -5.0, 9.0, 2000-03-13 05:30:00, None, None, 17.0
9.5, None, None, 0.0, -6.0, 10.5, 2000-03-13 16:30:00, None, None, 17.0
-3.0, None, None, 4.0, -3.0, 10.0, 2000-03-14 05:30:00, None, None, 22.0
-6.0, None, None, 1.0, -8.0, -2.0, 2000-03-15 05:30:00, None, None, 24.0
3.5, None, None, 0.0, -6.0, 3.5, 2000-03-15 16:00:00, None, None, 17.0
-1.0, None, None, 0.1, -1.0, 4.0, 2000-03-16 05:30:00, None, None, 17.0
5.0, None, None, 0.0, -1.0, 5.0, 2000-03-16 16:30:00, None, None, 15.0
-1.0, None, None, 0.1, -4.0, 5.0, 2000-03-17 05:30:00, None, None, 15.0
6.0, None, None, 0.1, 1.5, 6.0, 2000-03-17 16:30:00, None, None, 15.0
1.0, None, None, 0.0, 1.0, 7.0, 2000-03-18 05:30:00, None, None, 14.0
3.0, None, None, 7.0, 2.0, 3.0, 2000-03-18 16:00:00, None, None, 14.0
-6.0, None, None, 0.0, -6.0, 3.0, 2000-03-19 05:30:00, None, None, 14.0
2.5, None, None, 0.0, -6.0, 2.5, 2000-03-19 16:30:00, None, None, 14.0
-6.0, None, None, 0.0, -6.0, -6.0, 2000-03-20 05:30:00, None, None, 14.0
3.0, None, None, 0.0, -6.0, 5.0, 2000-03-20 16:30:00, None, None, 14.0
1.0, None, None, 0.0, 1.0, 3.0, 2000-03-21 05:30:00, None, None, 12.0
10.0, None, None, 0.0, -2.5, 11.0, 2000-03-21 16:30:00, None, None, 12.0
-2.0, None, None, 0.0, -2.0, 10.0, 2000-03-22 05:30:00, None, None, 10.0
2.0, None, None, 0.0, 0.0, 4.0, 2000-03-22 16:10:00, None, None, 11.0
-2.0, None, None, 0.0, -2.0, 4.0, 2000-03-23 05:30:00, None, None, 10.0
6.0, None, None, 0.0, -2.0, 7.0, 2000-03-23 16:00:00, None, None, 10.0
-7.0, None, None, 0.0, -7.0, 5.0, 2000-03-24 05:30:00, None, None, 10.0
9.0, None, None, 0.0, 4.5, 9.0, 2000-03-24 16:30:00, None, None, 10.0
0.0, None, None, 0.1, -1.0, 1.0, 2000-03-25 05:30:00, None, None, 8.0
7.5, None, None, 0.0, 0.0, 8.0, 2000-03-25 16:30:00, None, None, 8.0
0.0, None, None, 0.0, 0.0, 6.0, 2000-03-28 07:00:00, None, None, 4.0
1.5, None, None, 0.0, 0.5, 11.0, 2000-10-30 05:00:00, None, None, 0.0
7.5, None, None, 0.0, 1.0, 9.5, 2000-10-30 16:30:00, None, None, 0.0
1.0, None, None, 0.0, 0.5, 8.5, 2000-10-31 05:30:00, None, None, 0.0
3.0, None, None, 0.0, 2.0, 5.5, 2000-10-31 17:30:00, None, None, 0.0
-1.0, None, None, 0.0, -1.0, 3.0, 2000-11-01 05:30:00, None, None, 0.0
4.5, None, None, 0.0, 2.0, 4.5, 2000-11-01 16:30:00, None, None, 0.0
3.0, None, None, 0.0, -2.0, 6.0, 2000-11-02 05:30:00, None, None, 0.0
6.0, None, None, 0.0, 2.5, 6.5, 2000-11-02 16:30:00, None, None, 0.0
4.5, None, None, 0.0, 4.5, 6.5, 2000-11-03 05:30:00, None, None, 0.0
8.0, None, None, 0.0, 5.0, 8.0, 2000-11-03 16:30:00, None, None, 0.0
1.0, None, None, None, 1.0, 8.0, 2000-11-04 05:30:00, None, None, 0.0
6.5, None, None, 0.0, 2.0, 6.5, 2000-11-04 16:30:00, None, None, 0.0
-2.5, None, None, 0.0, -3.0, 4.5, 2000-11-05 05:30:00, None, None, 0.0
1.0, None, None, 0.0, -3.0, 3.0, 2000-11-05 16:30:00, None, None, 0.0
-0.5, None, None, 0.0, -0.5, 4.0, 2000-11-06 05:30:00, None, None, 0.0
0.5, None, None, 0.0, 0.5, 5.0, 2000-11-06 16:30:00, None, None, 0.0
0.0, None, None, 0.0, -0.5, 1.0, 2000-11-07 05:30:00, None, None, 0.0
2.5, None, None, 0.0, 0.5, 4.5, 2000-11-07 16:30:00, None, None, 0.0
0.5, None, None, 0.0, 0.5, 2.5, 2000-11-08 05:30:00, None, None, 0.0
2.0, None, None, 0.0, -0.5, 3.5, 2000-11-08 16:30:00, None, None, 0.0
-2.5, None, None, 0.0, -7.5, -1.5, 2000-11-09 16:30:00, None, None, 0.0
-12.0, None, None, 0.0, -12.0, -2.0, 2000-11-10 05:30:00, None, None, 0.0
-5.5, None, None, 0.0, -12.0, -3.5, 2000-11-10 16:30:00, None, None, 0.0
-4.0, None, None, 0.0, -10.0, -4.0, 2000-11-11 05:30:00, None, None, 0.0
-2.0, None, None, 0.0, -4.5, -1.0, 2000-11-11 16:30:00, None, None, 0.0
-6.5, None, None, 0.0, -8.5, -1.0, 2000-11-12 05:30:00, None, None, 0.0
-2.5, None, None, 0.0, -5.5, 1.0, 2000-11-12 16:30:00, None, None, 0.0
-4.0, None, None, 0.0, -4.0, 0.5, 2000-11-13 05:30:00, None, None, 0.0
-0.5, None, None, 0.0, -4.5, 0.5, 2000-11-13 16:30:00, None, None, 0.0
-1.5, None, None, 0.0, -2.0, 0.5, 2000-11-14 05:30:00, None, None, 0.0
-1.0, None, None, 0.0, -1.5, 0.0, 2000-11-14 16:30:00, None, None, 0.0
-2.5, None, None, 0.0, -2.5, -0.5, 2000-11-15 05:30:00, None, None, 0.0
-2.5, None, None, 0.0, -2.5, -2.0, 2000-11-15 16:30:00, None, None, 0.0
-3.0, None, None, 0.0, -3.0, -2.0, 2000-11-16 05:30:00, None, None, 0.0
-1.0, None, None, 0.0, -2.0, 0.0, 2000-11-16 16:30:00, None, None, 0.0
-6.0, None, None, 0.0, -8.0, -1.0, 2000-11-17 05:30:00, None, None, 0.0
-1.0, None, None, 1.0, -5.5, -1.0, 2000-11-17 16:30:00, None, None, 1.0
-1.5, None, None, 0.1, -1.5, -0.5, 2000-11-18 05:30:00, None, None, 1.0
1.0, None, None, 0.0, -2.5, 2.5, 2000-11-18 16:30:00, None, None, 1.0
-0.5, None, None, 0.0, -0.5, 2.0, 2000-11-19 05:30:00, None, None, 1.0
1.5, None, None, 0.0, 0.5, 4.5, 2000-11-19 16:30:00, None, None, 0.0
-5.5, None, None, 0.0, -5.5, 3.0, 2000-11-20 05:30:00, None, None, 0.0
-0.5, None, None, 0.0, -5.5, 3.0, 2000-11-20 16:30:00, None, None, 0.0
-3.0, None, None, 0.0, -4.5, -0.5, 2000-11-21 05:30:00, None, None, 0.0
-0.5, None, None, 0.0, -4.5, 5.5, 2000-11-21 16:30:00, None, None, 0.0
-0.5, None, None, 0.0, -5.5, 0.0, 2000-11-22 05:30:00, None, None, 0.0
2.0, None, None, 0.0, -2.0, 3.0, 2000-11-22 16:30:00, None, None, 0.0
5.0, None, None, 0.0, -1.0, 5.5, 2000-11-23 05:30:00, None, None, 0.0
1.0, None, None, 0.0, 1.0, 1.5, 2000-11-23 16:30:00, None, None, 0.0
1.0, None, None, 0.0, -0.5, 2.0, 2000-11-24 05:30:00, None, None, 0.0
3.0, None, None, 0.0, 0.5, 3.5, 2000-11-24 16:30:00, None, None, 0.0
5.0, None, None, 0.0, 3.0, 5.5, 2000-11-25 05:30:00, None, None, 0.0
5.5, None, None, 0.0, 4.0, 7.5, 2000-11-25 16:30:00, None, None, 0.0
1.5, None, None, 0.0, -4.0, 5.5, 2000-11-26 05:30:00, None, None, 0.0
1.0, None, None, 0.0, -2.0, 3.0, 2000-11-26 16:30:00, None, None, 0.0
-1.0, None, None, 4.0, -1.0, 1.5, 2000-11-27 05:30:00, None, None, 4.0
0.0, None, None, None, -3.0, 2.0, 2000-11-27 16:30:00, None, None, 4.0
-6.0, None, None, 0.0, -9.0, -4.5, 2000-11-28 05:00:00, None, None, 4.0
-4.0, None, None, 0.0, -4.0, 0.0, 2000-11-28 05:30:00, None, None, 4.0
-5.0, None, None, 0.0, -5.0, 1.0, 2000-11-28 16:30:00, None, None, 4.0
-3.0, None, None, 5.0, -3.0, 0.5, 2000-11-29 05:00:00, None, None, 8.0
-2.0, None, None, 0.0, -6.0, -2.0, 2000-11-29 16:30:00, None, None, 4.0
-1.5, None, None, 0.0, -5.0, -1.5, 2000-11-30 16:30:00, None, None, 8.0
-0.5, None, None, 0.0, -5.0, 2.0, 2000-12-01 05:00:00, None, None, 7.0
6.0, None, None, 0.0, 0.0, 8.0, 2000-12-01 16:30:00, None, None, 7.0
-0.5, None, None, 0.0, -1.0, 6.5, 2000-12-02 05:30:00, None, None, 7.0
2.0, None, None, 0.0, -1.0, 4.5, 2000-12-02 16:30:00, None, None, 7.0
-1.0, None, None, 0.0, -2.0, 2.0, 2000-12-03 05:30:00, None, None, 5.0
-3.5, None, None, 0.0, -3.5, 2.5, 2000-12-03 16:30:00, None, None, 3.0
-1.0, None, None, 0.0, -5.0, -0.5, 2000-12-04 05:00:00, None, None, 3.0
0.0, None, None, 0.0, -1.5, 0.5, 2000-12-04 16:30:00, None, None, 3.0
-2.5, None, None, 1.0, -4.5, 0.5, 2000-12-05 05:00:00, None, None, 4.0
2.5, None, None, 0.0, 2.5, 3.0, 2000-12-05 16:30:00, None, None, 4.0
2.0, None, None, 0.0, 2.0, 3.5, 2000-12-06 05:00:00, None, None, 2.0
0.5, None, None, 0.0, 0.5, 2.5, 2000-12-06 16:30:00, None, None, 2.0
-6.0, None, None, 0.0, -6.0, 1.0, 2000-12-07 05:00:00, None, None, 2.0
-3.0, None, None, 0.0, -6.5, -2.5, 2000-12-07 16:30:00, None, None, 2.0
-5.0, None, None, 0.0, -6.0, -4.0, 2000-12-08 05:30:00, None, None, 2.0
-3.5, None, None, 1.0, -3.5, 0.0, 2000-12-08 16:30:00, None, None, 3.0
-14.0, None, None, 0.5, -14.5, -4.5, 2000-12-09 05:30:00, None, None, 4.0
-15.0, None, None, 0.0, -17.0, -11.0, 2000-12-09 16:30:00, None, None, 4.0
-24.5, None, None, 0.0, -24.5, -16.0, 2000-12-10 05:00:00, None, None, 4.0
-18.5, None, None, 0.0, -22.5, -14.0, 2000-12-10 16:30:00, None, None, 4.0
-19.0, None, None, 0.0, -21.0, -17.0, 2000-12-11 05:00:00, None, None, 3.0
-18.0, None, None, 0.0, -24.0, -16.0, 2000-12-11 16:30:00, None, None, 3.0
-18.0, None, None, 1.0, -19.5, -14.0, 2000-12-12 16:30:00, None, None, 4.0
-17.0, None, None, 0.0, -21.0, -16.5, 2000-12-13 05:00:00, None, None, 4.0
-17.5, None, None, 0.0, -17.5, -15.0, 2000-12-13 16:30:00, None, None, 4.0
-21.5, None, None, 0.0, -23.0, -16.5, 2000-12-14 05:30:00, None, None, 4.0
-18.0, None, None, 3.0, -21.5, -17.0, 2000-12-14 16:30:00, None, None, 7.0
-28.0, None, None, 0.0, -28.5, -17.5, 2000-12-15 05:30:00, None, None, 7.0
-21.0, None, None, 0.0, -29.0, -18.0, 2000-12-15 16:30:00, None, None, 7.0
-7.5, None, None, 0.0, -9.0, -6.0, 2000-12-16 05:00:00, None, None, 20.0
-7.0, None, None, 12.0, -15.0, -6.5, 2000-12-16 16:30:00, None, None, 22.0
-10.5, None, None, 0.0, -10.5, -2.5, 2000-12-17 16:30:00, None, None, 20.0
-9.0, None, None, 0.0, -14.5, -8.5, 2000-12-18 05:00:00, None, None, 19.0
0.0, None, None, 0.0, -8.5, 0.5, 2000-12-18 16:30:00, None, None, 16.0
-13.0, None, None, 3.0, -13.5, 0.0, 2000-12-19 05:00:00, None, None, 21.0
-5.5, None, None, 0.0, -13.0, -4.5, 2000-12-19 16:30:00, None, None, 21.0
-15.0, None, None, 0.0, -17.0, -14.0, 2000-12-20 05:30:00, None, None, 18.0
-16.5, None, None, 0.0, -20.0, -11.0, 2000-12-20 16:15:00, None, None, 18.0
-20.0, None, None, 0.0, -20.0, -15.0, 2000-12-21 05:30:00, None, None, 18.0
-15.5, None, None, 0.0, -20.5, -14.5, 2000-12-21 16:30:00, None, None, 17.0
-13.0, None, None, 4.0, -16.0, -12.0, 2000-12-22 05:00:00, None, None, 21.0
-9.0, None, None, 0.0, -13.0, -7.5, 2000-12-23 05:30:00, None, None, 21.0
-5.5, None, None, None, -13.0, -4.0, 2000-12-23 16:30:00, None, None, 21.0
-7.0, None, None, 1.0, -10.0, -7.0, 2000-12-24 05:00:00, None, None, 20.0
-3.5, None, None, 1.0, -7.0, -3.5, 2000-12-24 16:30:00, None, None, 20.0
0.5, None, None, 3.0, -5.5, 1.0, 2000-12-25 05:30:00, None, None, 23.0
2.0, None, None, 0.0, 0.5, 3.0, 2000-12-25 16:30:00, None, None, 20.0
4.0, None, None, 0.0, 1.0, 4.0, 2000-12-26 05:30:00, None, None, 15.0
0.5, None, None, 0.0, 0.5, 6.0, 2000-12-26 16:30:00, None, None, 15.0
0.0, None, None, 0.0, -2.0, 1.0, 2000-12-27 05:30:00, None, None, 15.0
-1.5, None, None, 0.0, -2.0, 4.0, 2000-12-27 16:30:00, None, None, 15.0
-10.5, None, None, 0.0, -10.5, -1.0, 2000-12-28 05:30:00, None, None, 15.0
-4.5, None, None, 0.0, -10.0, -3.0, 2000-12-28 16:30:00, None, None, 15.0
-2.0, None, None, 1.0, -5.0, -1.5, 2000-12-29 05:30:00, None, None, 17.0
-3.0, None, None, 0.0, -3.0, 1.5, 2000-12-29 16:30:00, None, None, None
-10.0, None, None, 0.0, -10.0, 0.0, 2000-12-30 05:00:00, None, None, 17.0
-1.0, None, None, 0.0, -10.5, 1.5, 2000-12-30 16:30:00, None, None, 17.0
-2.0, None, None, 0.0, -10.5, 1.5, 2000-12-31 05:30:00, None, None, 17.0
2.5, None, None, 0.0, -2.5, 4.5, 2000-12-31 16:30:00, None, None, 17.0
0.0, None, None, 1.0, -1.0, 3.0, 2001-01-01 06:00:00, None, None, 17.0
-2.5, None, None, 0.0, -4.5, 4.0, 2001-01-01 16:30:00, None, None, 16.0
3.0, None, None, None, -4.5, 3.5, 2001-01-02 05:30:00, None, None, 15.0
4.5, None, None, 0.0, 3.0, 5.0, 2001-01-02 16:30:00, None, None, 12.0
7.0, None, None, 0.0, 3.0, 7.0, 2001-01-03 05:30:00, None, None, 12.0
4.0, None, None, 0.0, 4.0, 7.0, 2001-01-03 16:30:00, None, None, 11.0
-8.0, None, None, 0.0, -8.0, 7.0, 2001-01-04 05:30:00, None, None, 11.0
2.0, None, None, 4.0, -8.0, 3.0, 2001-01-04 19:00:00, None, None, 15.0
3.0, None, None, 0.0, 2.0, 4.0, 2001-01-05 05:00:00, None, None, 13.0
1.5, None, None, 0.0, 1.5, 6.0, 2001-01-05 16:30:00, None, None, 11.0
-6.0, None, None, 0.0, -6.0, 2.0, 2001-01-06 05:00:00, None, None, 11.0
-3.5, None, None, 0.0, -8.5, 3.0, 2001-01-06 16:30:00, None, None, 11.0
-9.0, None, None, 0.0, -9.0, -7.5, 2001-01-07 05:30:00, None, None, 11.0
-2.5, None, None, 0.0, -12.0, 3.0, 2001-01-07 16:30:00, None, None, 11.0
5.0, None, None, 0.0, -5.0, 5.0, 2001-01-08 05:30:00, None, None, 11.0
1.0, None, None, 0.0, 1.0, 5.0, 2001-01-08 16:30:00, None, None, 11.0
-2.0, None, None, 0.0, -2.0, 3.5, 2001-01-09 05:00:00, None, None, 11.0
5.5, None, None, 0.0, -2.0, 6.0, 2001-01-09 16:30:00, None, None, 10.0
5.0, None, None, 0.0, 4.0, 6.0, 2001-01-10 05:00:00, None, None, 10.0
0.0, None, None, 0.0, 0.0, 7.5, 2001-01-10 16:30:00, None, None, 10.0
-3.5, None, None, 0.0, -5.0, 1.0, 2001-01-11 05:30:00, None, None, 10.0
-2.0, None, None, 2.0, -4.5, -1.0, 2001-01-11 16:30:00, None, None, 12.0
-4.5, None, None, 0.0, -4.5, -1.0, 2001-01-12 05:00:00, None, None, 12.0
-8.0, None, None, 0.0, -12.0, 3.5, 2001-01-12 16:30:00, None, None, 12.0
-10.0, None, None, 0.0, -14.0, -8.0, 2001-01-13 05:30:00, None, None, 12.0
-7.0, None, None, 0.0, -10.0, -6.0, 2001-01-13 16:30:00, None, None, 12.0
-7.0, None, None, 0.0, -9.0, -6.5, 2001-01-14 05:30:00, None, None, 12.0
-3.5, None, None, 1.0, -7.0, -3.5, 2001-01-14 16:30:00, None, None, 12.0
-6.0, None, None, 0.0, -6.0, -3.5, 2001-01-15 05:30:00, None, None, 12.0
-4.0, None, None, 0.0, -6.5, -3.5, 2001-01-15 16:30:00, None, None, 12.0
-2.5, None, None, 0.0, -4.0, -2.5, 2001-01-16 05:30:00, None, None, 12.0
-2.5, None, None, 1.0, -4.0, -1.0, 2001-01-16 16:30:00, None, None, 13.0
-5.5, None, None, 2.0, -5.5, -2.0, 2001-01-17 05:00:00, None, None, 15.0
0.5, None, None, 0.0, -10.0, 0.5, 2001-01-17 16:30:00, None, None, 16.0
-0.5, None, None, 5.0, -1.0, 0.5, 2001-01-18 05:00:00, None, None, 20.0
-1.0, None, None, 0.0, -4.0, 2.0, 2001-01-18 16:30:00, None, None, 20.0
-5.5, None, None, 0.0, -5.5, 1.5, 2001-01-19 05:30:00, None, None, 20.0
-3.0, None, None, 0.0, -9.0, 3.0, 2001-01-19 16:30:00, None, None, 20.0
-9.0, None, None, 0.0, -10.5, -3.5, 2001-01-20 05:30:00, None, None, 20.0
2.5, None, None, 0.0, -9.0, 4.5, 2001-01-20 16:30:00, None, None, 20.0
-8.0, None, None, 0.0, -8.0, 3.0, 2001-01-21 05:30:00, None, None, 20.0
-3.0, None, None, 0.0, -12.0, 2.5, 2001-01-21 16:30:00, None, None, 20.0
-14.0, None, None, 0.0, -14.0, -3.0, 2001-01-22 05:30:00, None, None, 20.0
-3.5, None, None, 0.0, -14.0, 2.0, 2001-01-22 16:30:00, None, None, 20.0
-12.0, None, None, 0.0, -12.0, -3.5, 2001-01-23 05:00:00, None, None, 20.0
-4.5, None, None, 0.0, -14.0, 2.5, 2001-01-23 16:30:00, None, None, 20.0
-12.5, None, None, 0.0, -16.0, -4.5, 2001-01-24 05:00:00, None, None, 20.0
-8.5, None, None, 0.0, -16.0, -4.5, 2001-01-24 16:30:00, None, None, 17.0
-17.5, None, None, 0.0, -19.0, -9.0, 2001-01-25 05:30:00, None, None, 17.0
-9.5, None, None, 0.0, -17.5, -6.0, 2001-01-25 16:30:00, None, None, 17.0
-20.0, None, None, 0.0, -20.0, -9.0, 2001-01-26 05:30:00, None, None, 17.0
-8.5, None, None, 0.0, -21.0, -4.0, 2001-01-26 16:30:00, None, None, 17.0
-15.0, None, None, 0.0, -18.0, -6.0, 2001-01-27 05:30:00, None, None, 17.0
-1.5, None, None, 0.0, -18.0, -1.5, 2001-01-27 16:30:00, None, None, 17.0
0.0, None, None, 0.1, -2.0, 0.0, 2001-01-28 05:00:00, None, None, 17.0
0.0, None, None, 2.0, 0.0, 2.0, 2001-01-28 16:30:00, None, None, 19.0
0.0, None, None, 10.0, -0.5, 0.5, 2001-01-29 05:30:00, None, None, 29.0
-5.0, None, None, 4.0, -5.0, 3.0, 2001-01-29 16:30:00, None, None, 33.0
-2.0, None, None, 0.1, -10.0, -1.5, 2001-01-30 05:00:00, None, None, 33.0
-5.0, None, None, 0.0, -5.0, 2.0, 2001-01-30 16:30:00, None, None, 33.0
-2.0, None, None, 7.0, -11.0, -2.0, 2001-01-31 05:30:00, None, None, 40.0
1.5, None, None, 3.0, -2.0, 3.0, 2001-01-31 16:30:00, None, None, 43.0
1.0, None, None, 0.1, 0.0, 2.0, 2001-02-01 05:00:00, None, None, 43.0
1.5, None, None, 3.0, 0.0, 3.0, 2001-02-01 16:30:00, None, None, 46.0
4.0, None, None, 0.0, -0.5, 4.5, 2001-02-02 05:00:00, None, None, 31.0
5.0, None, None, 0.0, 3.5, 6.0, 2001-02-02 16:30:00, None, None, 31.0
-3.5, None, None, 0.0, -3.5, 6.0, 2001-02-03 05:00:00, None, None, 31.0
3.0, None, None, 0.0, -4.5, 5.5, 2001-02-03 16:30:00, None, None, 31.0
-11.5, None, None, 0.0, -11.5, 3.5, 2001-02-04 05:00:00, None, None, 31.0
-0.5, None, None, 0.0, -12.5, 0.0, 2001-02-04 16:30:00, None, None, 31.0
-14.5, None, None, 0.1, -14.5, -0.5, 2001-02-05 05:00:00, None, None, 28.0
-6.0, None, None, 0.0, -18.0, -0.5, 2001-02-05 16:30:00, None, None, 28.0
-23.0, None, None, 0.0, -23.0, -8.0, 2001-02-06 05:00:00, None, None, 28.0
-8.0, None, None, 0.0, -24.5, -5.5, 2001-02-06 16:30:00, None, None, 28.0
-25.0, None, None, 0.0, -25.0, -8.0, 2001-02-07 05:00:00, None, None, 28.0
-9.0, None, None, 0.0, -25.0, -8.5, 2001-02-07 16:30:00, None, None, 28.0
-14.0, None, None, 0.0, -15.0, -9.5, 2001-02-08 05:30:00, None, None, 28.0
-4.5, None, None, 0.0, -14.0, -3.5, 2001-02-08 16:30:00, None, None, 28.0
-16.5, None, None, 0.0, -16.5, -3.5, 2001-02-09 05:00:00, None, None, 27.0
-3.0, None, None, 1.0, -17.0, -3.0, 2001-02-09 16:30:00, None, None, 28.0
-11.0, None, None, 0.1, -13.0, -2.5, 2001-02-10 05:00:00, None, None, 28.0
-2.0, None, None, 0.1, -11.0, -2.0, 2001-02-10 16:30:00, None, None, 28.0
-9.0, None, None, 0.0, -9.0, -1.5, 2001-02-11 05:00:00, None, None, 28.0
-7.5, None, None, 0.0, -9.5, -6.0, 2001-02-11 16:30:00, None, None, 28.0
-17.0, None, None, 0.0, -21.0, -7.0, 2001-02-12 05:30:00, None, None, 28.0
-4.0, None, None, 0.0, -17.0, -4.0, 2001-02-12 16:30:00, None, None, 28.0
-11.0, None, None, 0.0, -17.0, -4.0, 2001-02-13 05:30:00, None, None, 28.0
0.0, None, None, 0.0, -12.0, 0.0, 2001-02-13 16:30:00, None, None, 28.0
-5.0, None, None, 2.0, -5.0, 0.5, 2001-02-14 05:00:00, None, None, 31.0
-6.0, None, None, 1.0, -7.0, -1.0, 2001-02-14 16:30:00, None, None, 32.0
-21.0, None, None, 0.0, -21.0, -5.5, 2001-02-15 05:00:00, None, None, 32.0
-7.0, None, None, 0.0, -23.5, -5.5, 2001-02-15 16:30:00, None, None, 32.0
-26.0, None, None, 0.0, -26.0, -6.5, 2001-02-16 05:00:00, None, None, 32.0
-6.5, None, None, 0.0, -28.0, -5.5, 2001-02-16 16:30:00, None, None, 32.0
-25.0, None, None, 0.0, -25.5, -6.0, 2001-02-17 05:00:00, None, None, 32.0
-5.5, None, None, 0.0, -5.5, -5.0, 2001-02-17 16:30:00, None, None, 35.0
-20.0, None, None, 0.0, -20.0, -4.0, 2001-02-18 05:30:00, None, None, 32.0
-5.0, None, None, 0.0, -21.0, -4.0, 2001-02-18 16:30:00, None, None, 32.0
-8.0, None, None, 0.0, -10.0, -4.5, 2001-02-19 05:00:00, None, None, 32.0
-2.0, None, None, 0.0, -9.0, -1.0, 2001-02-19 16:30:00, None, None, 32.0
-20.0, None, None, 0.0, -20.0, -1.0, 2001-02-20 05:00:00, None, None, 32.0
1.5, None, None, 0.0, -21.0, 2.0, 2001-02-20 16:30:00, None, None, 32.0
-19.5, None, None, 0.0, -19.5, 2.5, 2001-02-21 05:00:00, None, None, 32.0
-1.0, None, None, 0.0, -20.0, 0.5, 2001-02-21 16:30:00, None, None, 30.0
-19.5, None, None, 0.0, -19.5, -0.5, 2001-02-22 05:00:00, None, None, 30.0
0.5, None, None, 0.0, -20.0, 2.0, 2001-02-22 16:30:00, None, None, 30.0
-4.0, None, None, 0.1, -7.0, 1.0, 2001-02-23 05:00:00, None, None, 30.0
-5.5, None, None, 0.0, -7.0, -3.0, 2001-02-23 16:30:00, None, None, 30.0
-24.0, None, None, 0.0, -24.0, -5.0, 2001-02-24 05:30:00, None, None, 30.0
-8.0, None, None, 0.0, -25.0, -6.0, 2001-02-24 16:30:00, None, None, 30.0
-17.0, None, None, 0.0, -19.5, -7.0, 2001-02-25 05:00:00, None, None, 30.0
-5.0, None, None, 4.0, -17.0, -4.0, 2001-02-25 16:30:00, None, None, 34.0
-19.5, None, None, 1.0, -20.0, -4.5, 2001-02-26 05:00:00, None, None, 35.0
0.5, None, None, 0.0, -19.5, 4.0, 2001-02-26 16:30:00, None, None, 35.0
-13.5, None, None, 0.0, -13.5, 0.5, 2001-02-27 05:00:00, None, None, 35.0
5.5, None, None, 0.0, -15.0, 6.0, 2001-02-27 16:30:00, None, None, 33.0
3.0, None, None, 0.0, -0.5, 6.0, 2001-02-28 05:00:00, None, None, 28.0
7.0, None, None, 0.0, 2.5, 9.5, 2001-02-28 16:30:00, None, None, 25.0
-9.0, None, None, 0.0, -9.0, 7.5, 2001-03-01 05:00:00, None, None, 25.0
4.5, None, None, 0.0, -11.0, 6.0, 2001-03-01 16:30:00, None, None, 25.0
-3.0, None, None, 1.0, -3.0, 5.0, 2001-03-02 05:30:00, None, None, 26.0
6.0, None, None, 0.0, -5.0, 6.5, 2001-03-02 16:30:00, None, None, 25.0
0.0, None, None, 0.0, -3.0, 6.5, 2001-03-03 05:00:00, None, None, 25.0
6.5, None, None, 0.0, -1.0, 8.0, 2001-03-03 16:30:00, None, None, 23.0
-10.5, None, None, 0.0, -10.5, 7.0, 2001-03-04 05:00:00, None, None, 23.0
5.5, None, None, 0.0, -12.0, 7.5, 2001-03-04 16:30:00, None, None, 22.0
-8.0, None, None, 0.0, -8.5, 6.5, 2001-03-05 05:00:00, None, None, 22.0
6.5, None, None, 0.0, -11.0, 7.5, 2001-03-05 16:30:00, None, None, 21.0
-7.0, None, None, 0.0, -7.0, -3.0, 2001-03-06 05:30:00, None, None, 22.0
9.0, None, None, 0.0, -4.0, 10.0, 2001-03-06 16:30:00, None, None, 21.0
-6.5, None, None, 0.0, -6.5, 5.5, 2001-03-07 05:00:00, None, None, 21.0
11.0, None, None, 0.0, -7.5, 13.5, 2001-03-07 16:30:00, None, None, 13.0
0.0, None, None, 0.0, -8.0, 11.0, 2001-03-08 05:30:00, None, None, 13.0
7.0, None, None, 0.0, 0.0, 7.0, 2001-03-08 16:30:00, None, None, 13.0
7.0, None, None, 0.0, -9.0, 7.0, 2001-03-09 16:30:00, None, None, 13.0
0.0, None, None, 2.0, 0.0, 7.0, 2001-03-10 05:00:00, None, None, 12.0
4.5, None, None, 0.0, 0.0, 5.5, 2001-03-10 16:30:00, None, None, 12.0
0.0, None, None, 0.0, 0.0, 5.0, 2001-03-11 05:00:00, None, None, 10.0
6.5, None, None, 0.0, 0.0, 7.0, 2001-03-11 16:30:00, None, None, 10.0
-4.5, None, None, 0.0, -4.5, 7.0, 2001-03-12 05:00:00, None, None, 8.0
2.5, None, None, 0.0, -4.0, 5.5, 2001-03-12 16:30:00, None, None, 8.0
0.0, None, None, 0.0, 0.0, 3.0, 2001-03-13 05:00:00, None, None, 8.0
4.0, None, None, 0.0, 0.0, 7.0, 2001-03-13 16:30:00, None, None, 7.0
-3.0, None, None, 0.0, -3.0, 4.0, 2001-03-14 05:30:00, None, None, 7.0
6.0, None, None, 0.0, -5.0, 7.0, 2001-03-14 16:30:00, None, None, 5.0
-4.0, None, None, 0.0, -5.0, 3.5, 2001-03-15 05:00:00, None, None, 5.0
-7.0, None, None, 0.0, -7.0, 7.0, 2001-03-15 05:30:00, None, None, 5.0
2.0, None, None, 0.0, -7.0, 3.5, 2001-03-15 16:30:00, None, None, 5.0
5.0, None, None, 0.0, -5.0, 6.0, 2001-03-16 16:30:00, None, None, 20.0
0.0, None, None, 1.0, -1.0, 5.5, 2001-03-17 05:00:00, None, None, 5.0
8.0, None, None, 0.0, -1.0, 8.5, 2001-03-17 16:30:00, None, None, 5.0
6.5, None, None, 0.0, -1.0, 6.5, 2001-03-18 16:30:00, None, None, 3.0
-5.0, None, None, 1.0, -5.0, 8.0, 2001-03-19 05:00:00, None, None, 4.0
4.5, None, None, 0.0, -3.5, 5.0, 2001-03-19 16:30:00, None, None, 4.0
-5.5, None, None, 0.0, -5.5, 4.5, 2001-03-20 05:30:00, None, None, 4.0
4.5, None, None, 0.0, -6.5, 6.5, 2001-03-20 16:30:00, None, None, 4.0
-4.0, None, None, 0.0, -5.0, 4.5, 2001-03-21 05:30:00, None, None, 3.0
2.5, None, None, 0.0, -6.0, 3.5, 2001-03-21 16:30:00, None, None, 3.0
-9.5, None, None, 0.0, -9.5, 2.0, 2001-03-22 05:00:00, None, None, 2.0
4.0, None, None, 0.0, -10.5, 4.0, 2001-03-22 16:30:00, None, None, 2.0
-11.5, None, None, 0.0, -11.5, 4.5, 2001-03-23 05:00:00, None, None, 0.0
-1.0, None, None, 0.0, -12.0, -1.0, 2001-03-23 16:30:00, None, None, 0.0
-9.0, None, None, 0.0, -9.0, -1.0, 2001-03-24 05:30:00, None, None, 0.0
5.0, None, None, 0.0, -10.0, 6.0, 2001-03-24 16:30:00, None, None, 0.0
-3.0, None, None, 0.0, -3.0, 5.5, 2001-03-25 05:30:00, None, None, 0.0
14.0, None, None, 0.0, -3.0, 15.0, 2001-03-25 16:30:00, None, None, 0.0
-1.0, None, None, 0.0, -1.0, 14.0, 2001-03-26 05:30:00, None, None, 0.0
8.0, None, None, 0.0, -1.0, 8.5, 2001-03-26 16:30:00, None, None, 0.0
-4.0, None, None, 0.0, -4.0, 8.0, 2001-03-27 05:30:00, None, None, 0.0
1.0, None, None, 4.0, -4.0, 3.5, 2001-03-27 16:30:00, None, None, 4.0
-2.0, None, None, 0.1, -2.0, 2.0, 2001-03-28 05:30:00, None, None, 2.0
1.5, None, None, 0.0, -3.0, 6.0, 2001-03-28 18:30:00, None, None, 0.0
-1.0, None, None, 0.1, -1.0, 12.0, 2001-03-29 06:00:00, None, None, 0.0
1.0, None, None, 1.0, -1.0, 3.5, 2001-03-29 16:30:00, None, None, 0.0
-6.0, None, None, 0.0, -6.0, 2.5, 2001-03-30 05:30:00, None, None, 0.0
6.0, None, None, 0.0, -6.0, 7.0, 2001-03-30 16:30:00, None, None, 0.0
1.0, None, None, 0.1, 1.0, 6.5, 2001-03-31 05:00:00, None, None, 0.0
6.0, None, None, 0.0, 1.0, 6.5, 2001-03-31 16:30:00, None, None, 0.0
-5.0, None, None, 0.0, -6.0, 1.0, 2001-10-29 05:30:00, None, None, 0.0
7.0, None, None, 0.0, -6.0, 8.0, 2001-10-29 16:30:00, None, None, 0.0
5.5, None, None, 0.0, 5.5, 8.0, 2001-10-30 05:30:00, None, None, 0.0
10.0, None, None, 0.0, 5.5, 12.0, 2001-10-30 16:30:00, None, None, 0.0
4.5, None, None, 0.0, 4.5, 12.0, 2001-10-31 05:30:00, None, None, 0.0
9.0, None, None, 0.0, 2.0, 10.5, 2001-10-31 16:30:00, None, None, 0.0
4.5, None, None, 0.0, 0.0, 7.5, 2001-11-01 16:30:00, None, None, 0.0
-5.0, None, None, 0.0, -5.0, 4.5, 2001-11-02 05:30:00, None, None, 0.0
2.5, None, None, 0.0, -6.0, 5.0, 2001-11-02 16:30:00, None, None, 0.0
5.5, None, None, 0.0, -0.5, 5.5, 2001-11-03 05:30:00, None, None, 0.0
7.0, None, None, 0.0, 2.5, 7.0, 2001-11-03 16:30:00, None, None, 0.0
10.0, None, None, 0.0, 7.5, 12.0, 2001-11-04 05:30:00, None, None, 0.0
6.0, None, None, 0.0, 4.5, 10.5, 2001-11-04 16:30:00, None, None, 0.0
-9.0, None, None, 0.0, -9.0, 6.0, 2001-11-05 05:30:00, None, None, 0.0
1.0, None, None, 0.0, -9.0, 12.0, 2001-11-05 16:30:00, None, None, 0.0
-7.0, None, None, 0.0, -7.0, 2.0, 2001-11-06 05:00:00, None, None, 0.0
0.0, None, None, 0.0, -8.0, 3.5, 2001-11-06 16:30:00, None, None, 0.0
1.0, None, None, 0.0, -5.5, 1.5, 2001-11-07 05:00:00, None, None, 0.0
6.5, None, None, 0.0, 1.0, 7.0, 2001-11-07 16:30:00, None, None, 0.0
6.0, None, None, 0.0, 6.0, 7.0, 2001-11-08 05:00:00, None, None, 0.0
9.0, None, None, 0.0, 5.5, 9.5, 2001-11-08 15:30:00, None, None, 0.0
3.0, None, None, 0.0, 3.0, 12.0, 2001-11-09 05:30:00, None, None, 0.0
7.5, None, None, 0.0, 2.5, 12.0, 2001-11-09 16:30:00, None, None, 0.0
5.0, None, None, 0.0, 4.0, 8.0, 2001-11-10 05:30:00, None, None, 0.0
6.5, None, None, 0.0, 5.0, 11.0, 2001-11-10 16:30:00, None, None, 0.0
2.0, None, None, 0.0, 1.0, 8.5, 2001-11-11 05:30:00, None, None, 0.0
6.5, None, None, 0.0, 2.0, 8.5, 2001-11-11 16:30:00, None, None, 0.0
10.0, None, None, 0.0, 4.0, 11.0, 2001-11-12 05:30:00, None, None, 0.0
13.5, None, None, 0.0, 10.0, 18.0, 2001-11-12 16:30:00, None, None, 0.0
10.0, None, None, 0.0, 10.0, 15.0, 2001-11-13 05:00:00, None, None, 0.0
12.0, None, None, 0.0, 8.5, 12.0, 2001-11-13 16:30:00, None, None, 0.0
14.0, None, None, 0.0, 8.0, 15.0, 2001-11-14 05:00:00, None, None, 0.0
8.0, None, None, 0.0, -1.5, 12.0, 2001-11-14 16:30:00, None, None, 0.0
4.0, None, None, 0.0, 4.0, 17.0, 2001-11-15 16:30:00, None, None, 0.0
1.0, None, None, 0.0, -0.5, 7.0, 2001-11-16 05:00:00, None, None, 0.0
4.5, None, None, 0.0, 1.0, 8.5, 2001-11-16 16:30:00, None, None, 0.0
-3.5, None, None, 0.0, -4.5, 6.0, 2001-11-17 05:30:00, None, None, 0.0
-1.5, None, None, 0.0, -5.0, 5.0, 2001-11-17 16:30:00, None, None, 0.0
-8.0, None, None, 0.0, -8.0, -1.0, 2001-11-18 05:30:00, None, None, 0.0
-2.5, None, None, 0.0, -9.0, -2.0, 2001-11-18 16:30:00, None, None, 0.0
0.5, None, None, 0.0, -7.5, 1.5, 2001-11-19 05:00:00, None, None, 0.0
3.5, None, None, 0.0, 0.5, 8.5, 2001-11-19 16:30:00, None, None, 0.0
10.0, None, None, 0.0, 2.0, 10.0, 2001-11-20 05:30:00, None, None, 0.0
10.5, None, None, 0.0, 9.0, 11.0, 2001-11-20 16:30:00, None, None, 0.0
-4.0, None, None, 0.0, -4.0, 7.0, 2001-11-21 05:00:00, None, None, 0.0
6.5, None, None, 0.0, 6.5, 9.0, 2001-11-21 16:30:00, None, None, 0.0
1.0, None, None, 0.0, -5.5, 2.5, 2001-11-22 16:30:00, None, None, 0.0
0.0, None, None, 0.0, 0.0, 3.0, 2001-11-23 05:00:00, None, None, 0.0
1.5, None, None, 0.0, 0.0, 2.0, 2001-11-23 16:30:00, None, None, 0.0
-1.0, None, None, 1.0, -1.0, 3.0, 2001-11-24 05:30:00, None, None, 1.0
-1.0, None, None, 0.0, -1.0, 0.0, 2001-11-24 16:30:00, None, None, 0.0
-9.5, None, None, 2.0, -10.0, -4.0, 2001-11-25 05:00:00, None, None, 2.0
-4.0, None, None, 0.0, -4.5, 0.5, 2001-11-25 05:30:00, None, None, 0.0
-4.5, None, None, 0.0, -6.5, -4.5, 2001-11-25 16:30:00, None, None, 0.0
-10.0, None, None, 0.0, -10.5, -8.0, 2001-11-26 16:00:00, None, None, 0.0
-13.5, None, None, 3.0, -13.5, -8.5, 2001-11-27 05:00:00, None, None, 5.0
-11.0, None, None, 0.0, -16.0, -11.0, 2001-11-27 16:30:00, None, None, 5.0
-12.0, None, None, 0.0, -12.0, -11.0, 2001-11-28 05:00:00, None, None, 4.0
-10.0, None, None, 0.0, -12.0, -9.0, 2001-11-28 16:30:00, None, None, 4.0
-14.0, None, None, 7.0, -14.0, -11.0, 2001-11-29 05:30:00, None, None, 11.0
-12.0, None, None, 5.0, -14.0, -11.5, 2001-11-29 16:30:00, None, None, 16.0
-24.0, None, None, 0.0, -25.0, -13.0, 2001-11-30 05:00:00, None, None, 7.0
-14.5, None, None, 0.0, -24.0, -14.0, 2001-11-30 16:30:00, None, None, 11.0
-12.5, None, None, 2.0, -16.0, -12.5, 2001-12-01 05:00:00, None, None, 12.0
-6.0, None, None, 1.0, -13.0, -6.0, 2001-12-01 16:00:00, None, None, 11.0
-16.0, None, None, 5.0, -16.0, -4.0, 2001-12-02 05:00:00, None, None, 14.0
-8.0, None, None, 0.0, -20.0, -5.0, 2001-12-02 16:30:00, None, None, 14.0
-18.0, None, None, 0.1, -18.0, -8.0, 2001-12-03 05:00:00, None, None, 14.0
-14.0, None, None, 0.0, -21.5, -8.5, 2001-12-03 16:30:00, None, None, 14.0
-15.0, None, None, 0.0, -16.0, -3.5, 2001-12-04 05:00:00, None, None, 16.0
-3.5, None, None, 1.0, -10.0, -2.0, 2001-12-04 16:30:00, None, None, 16.0
-7.5, None, None, 0.0, -18.0, -4.5, 2001-12-05 16:30:00, None, None, 16.0
-4.5, None, None, 0.1, -14.0, -4.5, 2001-12-06 05:30:00, None, None, 16.0
0.0, None, None, -10.5, 0.0, 0.0, 2001-12-06 16:30:00, None, None, 16.0
-6.0, None, None, 0.0, -11.0, 0.0, 2001-12-07 05:00:00, None, None, 16.0
0.5, None, None, 0.0, 0.5, 4.0, 2001-12-08 16:30:00, None, None, 9.0
-10.0, None, None, 0.0, -10.0, 0.5, 2001-12-09 05:30:00, None, None, 9.0
-2.0, None, None, 0.1, -10.0, -1.5, 2001-12-09 16:30:00, None, None, 9.0
-2.0, None, None, 11.0, -3.0, -1.5, 2001-12-10 05:00:00, None, None, 21.0
-1.0, None, None, 5.0, -2.5, -1.0, 2001-12-10 16:30:00, None, None, 25.0
-2.5, None, None, 1.0, -5.0, -1.0, 2001-12-11 05:00:00, None, None, 24.0
-3.5, None, None, 0.0, -5.0, 1.5, 2001-12-11 16:30:00, None, None, 24.0
-2.0, None, None, 1.0, -5.5, -1.5, 2001-12-12 05:30:00, None, None, 24.0
-0.5, None, None, 4.0, -3.0, 0.0, 2001-12-12 16:30:00, None, None, 28.0
0.0, None, None, 2.0, -2.5, 0.0, 2001-12-13 05:00:00, None, None, 27.0
0.0, None, None, 3.0, 0.0, 1.0, 2001-12-13 16:30:00, None, None, 29.0
-1.0, None, None, 5.0, -1.0, 0.0, 2001-12-14 05:00:00, None, None, 30.0
-10.5, None, None, 4.0, -10.5, 0.0, 2001-12-14 16:30:00, None, None, 35.0
-5.0, None, None, 1.0, -11.0, -5.0, 2001-12-15 05:00:00, None, None, 34.0
-1.0, None, None, 5.0, -5.5, -1.0, 2001-12-15 16:30:00, None, None, 38.0
1.5, None, None, 0.0, -7.0, 6.0, 2001-12-16 16:30:00, None, None, 41.0
-3.0, None, None, 1.0, -3.0, 4.5, 2001-12-17 05:00:00, None, None, 33.0
-5.5, None, None, 0.0, -10.0, 0.5, 2001-12-17 16:30:00, None, None, 33.0
0.0, None, None, 0.0, -10.0, 0.0, 2001-12-18 05:00:00, None, None, 32.0
1.5, None, None, 0.0, 0.0, 2.5, 2001-12-18 16:30:00, None, None, 32.0
-5.0, None, None, 0.0, -5.0, 3.0, 2001-12-19 05:00:00, None, None, 32.0
-7.0, None, None, 0.0, -10.0, -1.0, 2001-12-19 16:30:00, None, None, 32.0
-20.0, None, None, 0.0, -20.0, -7.0, 2001-12-20 05:30:00, None, None, 32.0
-14.0, None, None, 0.0, -20.0, -10.0, 2001-12-20 16:30:00, None, None, 32.0
-14.0, None, None, 0.0, -19.5, -13.5, 2001-12-21 05:00:00, None, None, 30.0
-6.0, None, None, 0.0, -13.5, -5.5, 2001-12-21 15:30:00, None, None, 30.0
-7.0, None, None, 0.0, -9.0, -5.5, 2001-12-22 05:30:00, None, None, 30.0
-10.0, None, None, 0.0, -10.0, -6.5, 2001-12-22 16:30:00, None, None, 30.0
-17.0, None, None, 0.0, -17.0, -11.0, 2001-12-23 05:30:00, None, None, 30.0
-4.0, None, None, 0.0, -18.5, -2.0, 2001-12-23 16:30:00, None, None, 30.0
-10.0, None, None, 0.0, -10.0, -4.5, 2001-12-24 05:00:00, None, None, 30.0
-1.0, None, None, 0.0, -11.0, 0.0, 2001-12-24 16:30:00, None, None, 30.0
-11.5, None, None, 0.0, -11.5, 0.0, 2001-12-25 07:00:00, None, None, 30.0
-9.5, None, None, 0.0, -14.5, -3.5, 2001-12-25 16:30:00, None, None, 30.0
-12.0, None, None, 0.0, -18.0, -8.0, 2001-12-26 05:46:00, None, None, 30.0
-10.5, None, None, 0.0, -10.5, -7.5, 2001-12-26 16:30:00, None, None, 30.0
-18.0, None, None, 0.0, -18.0, -10.5, 2001-12-27 05:30:00, None, None, 30.0
-8.0, None, None, 0.0, -18.0, -8.0, 2001-12-27 16:30:00, None, None, 30.0
-8.5, None, None, 0.0, -16.0, -8.5, 2001-12-28 16:30:00, None, None, 30.0
-9.0, None, None, 0.0, -9.0, -8.0, 2001-12-29 05:30:00, None, None, 30.0
-13.5, None, None, 0.0, -13.5, -8.0, 2001-12-29 15:30:00, None, None, 30.0
-14.0, None, None, 0.0, -17.0, -11.5, 2001-12-30 05:30:00, None, None, 30.0
-10.0, None, None, 0.0, -13.0, -9.5, 2001-12-30 16:30:00, None, None, 30.0
-10.0, None, None, 0.0, -10.0, -9.5, 2001-12-31 05:30:00, None, None, 30.0
-9.0, None, None, 0.0, -11.0, -8.0, 2001-12-31 16:30:00, None, None, 30.0
-7.0, None, None, 0.0, -10.0, -7.0, 2002-01-01 05:30:00, None, None, 30.0
-6.0, None, None, 0.0, -10.0, -6.0, 2002-01-01 16:30:00, None, None, 30.0
-6.0, None, None, 0.0, -7.0, -6.0, 2002-01-02 05:30:00, None, None, 27.0
8.0, None, None, 0.0, -6.0, 8.0, 2002-01-02 16:30:00, None, None, 27.0
4.5, None, None, 0.0, 2.0, 7.5, 2002-01-03 05:00:00, None, None, 24.0
3.5, None, None, 0.0, 3.0, 6.0, 2002-01-03 16:30:00, None, None, 24.0
-4.0, None, None, 0.0, -4.0, 3.5, 2002-01-04 05:30:00, None, None, 24.0
1.0, None, None, 0.0, -4.5, 1.0, 2002-01-04 16:30:00, None, None, 24.0
-7.0, None, None, 0.0, -7.0, 1.0, 2002-01-05 05:30:00, None, None, 24.0
1.0, None, None, 0.0, -8.5, 5.5, 2002-01-05 16:30:00, None, None, 24.0
4.5, None, None, 0.0, -3.0, 4.5, 2002-01-06 05:30:00, None, None, 20.0
6.0, None, None, 0.0, 1.0, 6.5, 2002-01-06 16:30:00, None, None, 19.0
5.5, None, None, 0.0, 5.0, 7.0, 2002-01-07 05:30:00, None, None, 19.0
4.0, None, None, 0.0, 4.0, 8.0, 2002-01-07 16:30:00, None, None, 18.0
1.0, None, None, 0.0, -1.0, 4.5, 2002-01-08 05:00:00, None, None, 19.0
1.5, None, None, 0.0, 1.0, 7.0, 2002-01-08 15:30:00, None, None, 19.0
-6.0, None, None, 0.0, -6.0, 1.5, 2002-01-09 05:00:00, None, None, 16.0
-1.5, None, None, 0.0, -8.0, -1.0, 2002-01-09 16:30:00, None, None, 16.0
-3.0, None, None, 0.0, -7.0, -1.5, 2002-01-10 05:00:00, None, None, 16.0
1.0, None, None, 0.0, -3.0, 1.0, 2002-01-10 16:30:00, None, None, 16.0
-1.0, None, None, 0.0, -1.0, 1.0, 2002-01-11 05:00:00, None, None, 16.0
4.0, None, None, 0.0, -3.0, 4.0, 2002-01-11 16:30:00, None, None, 16.0
5.0, None, None, 0.0, 4.0, 6.0, 2002-01-12 05:30:00, None, None, 16.0
6.0, None, None, 0.0, 1.5, 6.5, 2002-01-12 16:30:00, None, None, 15.0
-7.0, None, None, 0.0, -7.0, 6.5, 2002-01-13 05:30:00, None, None, 15.0
-2.5, None, None, 0.0, -9.5, -2.0, 2002-01-13 16:30:00, None, None, 15.0
-10.0, None, None, 0.0, -10.0, -1.0, 2002-01-14 05:30:00, None, None, 15.0
-3.0, None, None, 0.0, -11.5, -3.0, 2002-01-14 16:30:00, None, None, 15.0
-9.0, None, None, 0.0, -10.0, -3.0, 2002-01-15 05:30:00, None, None, 15.0
-4.5, None, None, 0.0, -9.0, -0.5, 2002-01-15 16:30:00, None, None, 15.0
-3.5, None, None, 3.0, -6.0, -3.5, 2002-01-16 05:00:00, None, None, 17.0
-3.5, None, None, 2.0, -4.0, -2.5, 2002-01-16 16:30:00, None, None, 19.0
-7.5, None, None, 0.0, -13.0, -2.0, 2002-01-17 05:00:00, None, None, 19.0
-5.5, None, None, 0.0, -7.5, -1.5, 2002-01-17 16:30:00, None, None, 19.0
-11.0, None, None, 0.0, -14.5, -5.0, 2002-01-18 05:00:00, None, None, 19.0
-3.0, None, None, 7.0, -9.0, -3.0, 2002-01-18 16:30:00, None, None, 26.0
-5.0, None, None, 10.0, -5.0, -2.5, 2002-01-19 05:30:00, None, None, 31.0
-1.0, None, None, 0.0, -7.0, 0.0, 2002-01-19 16:30:00, None, None, 30.0
-2.0, None, None, 10.0, -3.0, -1.0, 2002-01-20 05:30:00, None, None, 42.0
-0.5, None, None, 4.0, -2.5, -0.5, 2002-01-20 16:30:00, None, None, 46.0
-11.5, None, None, 0.0, -11.5, -0.5, 2002-01-21 05:30:00, None, None, 46.0
-2.0, None, None, 0.0, -9.0, -0.5, 2002-01-21 16:30:00, None, None, 46.0
-5.5, None, None, 0.1, -6.0, 0.0, 2002-01-22 05:00:00, None, None, 46.0
-13.0, None, None, 0.0, -16.5, -9.0, 2002-01-23 05:00:00, None, None, 42.0
-3.0, None, None, 9.0, -13.0, -2.5, 2002-01-23 16:30:00, None, None, 51.0
-2.5, None, None, 0.0, -9.0, -2.0, 2002-01-24 05:30:00, None, None, 51.0
-6.0, None, None, 5.0, -6.0, 1.0, 2002-01-24 16:30:00, None, None, 56.0
-23.0, None, None, 0.0, -23.0, -6.0, 2002-01-25 05:30:00, None, None, 50.0
-11.0, None, None, 0.0, -25.0, -9.0, 2002-01-25 16:30:00, None, None, 60.0
-25.0, None, None, 0.0, -26.0, -9.0, 2002-01-26 05:30:00, None, None, 50.0
-14.0, None, None, 0.0, -27.5, -13.5, 2002-01-26 15:30:00, None, None, 50.0
-33.0, None, None, 0.0, -33.0, -14.0, 2002-01-27 05:30:00, None, None, 49.0
-19.0, None, None, 0.0, -35.0, -16.0, 2002-01-27 16:30:00, None, None, 49.0
-35.0, None, None, 0.0, -35.0, -18.5, 2002-01-28 05:00:00, None, None, 49.0
-15.0, None, None, 0.0, -36.0, -15.0, 2002-01-28 16:30:00, None, None, 49.0
-16.5, None, None, 4.0, -19.5, -16.0, 2002-01-29 05:00:00, None, None, 52.0
-9.5, None, None, 2.0, -16.0, -9.5, 2002-01-29 16:30:00, None, None, 55.0
-10.0, None, None, 3.0, -10.5, -9.0, 2002-01-30 05:00:00, None, None, 58.0
-4.0, None, None, 2.0, -10.5, -3.5, 2002-01-30 16:30:00, None, None, 60.0
-11.0, None, None, 1.0, -11.0, -3.5, 2002-01-31 05:30:00, None, None, 61.0
-2.0, None, None, 0.0, -13.5, 0.0, 2002-01-31 16:30:00, None, None, 61.0
-9.0, None, None, 0.0, -12.0, -2.0, 2002-02-01 05:00:00, None, None, 61.0
-3.0, None, None, 0.0, -10.0, 1.0, 2002-02-01 16:30:00, None, None, 61.0
-5.5, None, None, 1.0, -6.0, -2.0, 2002-02-02 05:00:00, None, None, 62.0
2.5, None, None, 0.0, -12.5, 3.5, 2002-02-02 16:30:00, None, None, 52.0
3.0, None, None, 0.0, -1.0, 3.5, 2002-02-03 05:00:00, None, None, 58.0
-0.5, None, None, 0.0, -8.0, 5.0, 2002-02-04 05:00:00, None, None, 41.0
5.0, None, None, 0.0, -2.5, 5.0, 2002-02-04 16:30:00, None, None, 41.0
4.0, None, None, 0.0, 4.0, 5.0, 2002-02-05 05:00:00, None, None, 40.0
5.0, None, None, 0.0, 3.0, 6.5, 2002-02-05 16:30:00, None, None, 40.0
-8.0, None, None, 0.0, -8.5, 5.5, 2002-02-06 05:00:00, None, None, 39.0
-5.5, None, None, 0.0, -11.0, 0.0, 2002-02-07 05:30:00, None, None, 40.0
2.5, None, None, 0.0, -6.5, 5.0, 2002-02-07 16:30:00, None, None, 40.0
-5.0, None, None, 0.0, -9.5, 2.0, 2002-02-08 05:00:00, None, None, 40.0
0.0, None, None, 0.0, -1.0, 1.0, 2002-02-08 16:30:00, None, None, 40.0
-14.0, None, None, 0.0, -14.0, 0.0, 2002-02-09 05:30:00, None, None, 40.0
4.5, None, None, 0.0, -14.0, 4.5, 2002-02-09 16:30:00, None, None, 40.0
-2.0, None, None, 0.0, -2.0, 4.5, 2002-02-10 05:30:00, None, None, 36.0
1.0, None, None, 0.1, -3.0, 4.0, 2002-02-10 15:30:00, None, None, 36.0
-10.0, None, None, 0.0, -11.0, 2.0, 2002-02-11 05:30:00, None, None, 36.0
1.0, None, None, 0.0, -13.0, 1.0, 2002-02-11 16:30:00, None, None, 36.0
-2.0, None, None, 4.0, -2.0, 1.0, 2002-02-12 05:00:00, None, None, 42.0
2.0, None, None, 0.0, -2.0, 2.5, 2002-02-12 16:30:00, None, None, 42.0
-1.0, None, None, 0.1, -2.0, 3.5, 2002-02-13 05:30:00, None, None, 42.0
1.0, None, None, 0.0, -1.5, 1.5, 2002-02-13 16:30:00, None, None, 42.0
-5.5, None, None, 0.0, -7.0, 1.0, 2002-02-14 05:00:00, None, None, 40.0
4.0, None, None, 0.0, -5.0, 5.0, 2002-02-14 16:30:00, None, None, 40.0
-5.0, None, None, 0.0, -5.0, 5.0, 2002-02-15 05:00:00, None, None, 9.0
4.0, None, None, 0.0, -7.0, 5.0, 2002-02-15 16:30:00, None, None, 39.0
-10.0, None, None, 0.0, -10.0, 5.0, 2002-02-16 05:30:00, None, None, 39.0
5.0, None, None, 0.0, -10.0, 5.0, 2002-02-16 16:30:00, None, None, 39.0
1.0, None, None, 0.0, 1.0, 5.0, 2002-02-17 05:30:00, None, None, 38.0
2.0, None, None, 0.0, 0.0, 3.0, 2002-02-17 16:30:00, None, None, 38.0
0.0, None, None, 2.0, 0.0, 3.5, 2002-02-18 05:30:00, None, None, 40.0
4.0, None, None, 0.0, -1.0, 5.5, 2002-02-18 16:30:00, None, None, 40.0
4.5, None, None, 0.0, -3.0, 5.0, 2002-02-19 05:00:00, None, None, 35.0
8.0, None, None, 0.0, 1.5, 9.5, 2002-02-19 16:30:00, None, None, 35.0
7.0, None, None, 0.0, -7.0, 9.0, 2002-02-20 05:00:00, None, None, 33.0
4.0, None, None, 0.0, -9.0, 4.5, 2002-02-20 16:30:00, None, None, 33.0
-5.5, None, None, 0.0, -5.5, 4.5, 2002-02-21 05:00:00, None, None, 31.0
0.0, None, None, 5.0, -5.5, 0.0, 2002-02-21 16:30:00, None, None, 36.0
-10.0, None, None, 1.0, -10.0, 0.0, 2002-02-22 05:30:00, None, None, 37.0
-1.5, None, None, 1.0, -1.5, 0.0, 2002-02-22 16:30:00, None, None, 38.0
-17.0, None, None, 0.0, -17.0, -2.0, 2002-02-23 05:30:00, None, None, 38.0
-7.5, None, None, 0.0, -7.5, -4.5, 2002-02-23 16:30:00, None, None, 38.0
-22.0, None, None, 0.0, -22.0, -5.0, 2002-02-24 05:00:00, None, None, 38.0
-5.0, None, None, 0.0, -24.0, -5.0, 2002-02-24 16:00:00, None, None, 38.0
-25.0, None, None, 0.0, -25.0, -5.0, 2002-02-25 05:30:00, None, None, 38.0
-5.0, None, None, 0.0, -26.5, -5.0, 2002-02-25 16:30:00, None, None, 38.0
-5.0, None, None, 2.0, -9.0, -5.0, 2002-02-26 05:00:00, None, None, 40.0
1.0, None, None, 3.0, -5.5, 1.0, 2002-02-26 16:30:00, None, None, 43.0
-4.0, None, None, 2.0, -13.0, 0.5, 2002-02-27 05:00:00, None, None, 45.0
0.0, None, None, 12.0, -4.0, 1.5, 2002-02-27 15:30:00, None, None, 57.0
-12.0, None, None, 1.0, -12.0, 1.0, 2002-02-28 05:00:00, None, None, 58.0
1.5, None, None, 0.0, -16.5, 3.0, 2002-02-28 16:30:00, None, None, 58.0
-7.0, None, None, 0.0, -7.0, 2.0, 2002-03-01 05:30:00, None, None, 56.0
3.0, None, None, 0.0, -7.5, 4.0, 2002-03-01 16:30:00, None, None, 56.0
-11.0, None, None, 0.0, -11.0, 3.0, 2002-03-02 05:30:00, None, None, 56.0
4.0, None, None, 0.0, -11.0, 4.0, 2002-03-02 16:30:00, None, None, 56.0
-4.0, None, None, 0.0, -6.0, 4.0, 2002-03-03 05:00:00, None, None, 56.0
4.0, None, None, 0.0, -4.5, 4.5, 2002-03-03 16:30:00, None, None, 56.0
0.0, None, None, 0.0, 0.0, 4.5, 2002-03-04 05:00:00, None, None, 52.0
-6.0, None, None, 5.0, -6.0, -1.0, 2002-03-04 15:30:00, None, None, 57.0
-18.0, None, None, 0.0, -18.0, -5.5, 2002-03-05 05:00:00, None, None, 57.0
-12.0, None, None, 0.0, -18.0, -11.5, 2002-03-05 16:30:00, None, None, 57.0
-30.0, None, None, 0.0, -30.0, -11.5, 2002-03-06 05:00:00, None, None, 57.0
-10.5, None, None, 0.0, -31.5, -9.5, 2002-03-06 16:30:00, None, None, 57.0
-30.0, None, None, 0.0, -30.0, -10.0, 2002-03-07 05:00:00, None, None, 57.0
-11.0, None, None, 0.0, -31.0, -9.0, 2002-03-07 17:00:00, None, None, 49.0
-30.0, None, None, 0.0, -30.0, -10.0, 2002-03-08 05:00:00, None, None, 49.0
-10.0, None, None, 0.0, -32.0, -8.0, 2002-03-08 16:30:00, None, None, 49.0
-7.0, None, None, 0.0, -31.0, -7.0, 2002-03-09 16:30:00, None, None, 49.0
-8.5, None, None, 7.0, -8.5, -7.5, 2002-03-10 05:30:00, None, None, 56.0
-3.0, None, None, 0.1, -9.0, -2.0, 2002-03-10 16:30:00, None, None, 56.0
-6.0, None, None, 6.0, -6.0, -3.0, 2002-03-11 05:00:00, None, None, 62.0
4.0, None, None, 0.0, -6.5, 7.0, 2002-03-11 16:30:00, None, None, 62.0
-4.0, None, None, 0.0, -5.0, 2.5, 2002-03-12 05:00:00, None, None, 16.0
6.5, None, None, 0.0, -3.5, 7.5, 2002-03-12 16:30:00, None, None, 60.0
-10.0, None, None, 0.0, -10.0, 7.0, 2002-03-13 05:00:00, None, None, 60.0
4.0, None, None, 0.0, -9.0, 5.0, 2002-03-13 16:30:00, None, None, 55.0
-4.0, None, None, 0.0, -4.0, 4.5, 2002-03-14 05:00:00, None, None, 53.0
0.0, None, None, 4.0, -8.5, 0.0, 2002-03-14 16:30:00, None, None, 57.0
-9.0, None, None, 2.0, -9.0, 0.0, 2002-03-15 05:00:00, None, None, 59.0
-5.5, None, None, 1.0, -9.5, -5.0, 2002-03-15 16:30:00, None, None, 60.0
-17.0, None, None, 0.0, -17.0, -5.0, 2002-03-16 05:30:00, None, None, 60.0
-6.5, None, None, 0.0, -17.0, -6.0, 2002-03-16 16:30:00, None, None, 60.0
-5.5, None, None, 0.0, -26.0, -5.5, 2002-03-17 16:30:00, None, None, 60.0
-26.5, None, None, 0.0, -26.5, -5.5, 2002-03-18 05:00:00, None, None, 64.0
-7.5, None, None, 0.0, -27.0, -7.5, 2002-03-18 16:30:00, None, None, 54.0
-25.0, None, None, 0.0, -25.0, -7.0, 2002-03-19 05:00:00, None, None, 54.0
-7.0, None, None, 0.0, -28.0, -7.0, 2002-03-19 16:30:00, None, None, 52.0
-25.5, None, None, 0.0, -25.5, -7.5, 2002-03-20 05:00:00, None, None, 52.0
-5.0, None, None, 0.0, -26.0, -5.0, 2002-03-20 16:30:00, None, None, 52.0
-26.0, None, None, 0.0, -26.0, -5.0, 2002-03-21 05:00:00, None, None, 52.0
-1.0, None, None, 0.0, -27.0, 0.0, 2002-03-21 16:30:00, None, None, 52.0
-14.0, None, None, 0.0, -15.0, 0.0, 2002-03-22 05:30:00, None, None, 52.0
5.5, None, None, 0.0, -14.0, 6.0, 2002-03-22 16:30:00, None, None, 52.0
-6.0, None, None, 0.0, -6.0, 7.0, 2002-03-23 05:30:00, None, None, 50.0
3.0, None, None, 5.0, -7.0, 3.5, 2002-03-23 16:30:00, None, None, 55.0
-1.0, None, None, 0.0, -1.0, 4.5, 2002-03-24 05:30:00, None, None, 52.0
9.0, None, None, 0.0, -1.0, 9.5, 2002-03-24 16:30:00, None, None, 49.0
-6.0, None, None, 0.0, -6.0, 9.0, 2002-03-25 04:30:00, None, None, 49.0
10.0, None, None, 0.0, -8.0, 10.0, 2002-03-25 16:30:00, None, None, 47.0
3.5, None, None, 0.0, 3.5, 10.5, 2002-03-26 05:00:00, None, None, 43.0
6.5, None, None, 0.0, 2.5, 10.0, 2002-03-26 16:30:00, None, None, 43.0
-3.0, None, None, 0.0, -3.0, 7.0, 2002-03-27 05:30:00, None, None, 43.0
2.0, None, None, 0.0, -3.5, 3.5, 2002-03-27 16:30:00, None, None, 43.0
-1.5, None, None, 0.0, -1.5, 2.0, 2002-03-28 05:30:00, None, None, 41.0
6.0, None, None, 0.0, -4.0, 6.0, 2002-03-28 16:30:00, None, None, 41.0
-5.0, None, None, 0.0, -5.0, 6.0, 2002-03-29 05:30:00, None, None, 40.0
-3.0, None, None, 6.0, -3.0, 1.0, 2002-03-30 05:30:00, None, None, 46.0
2.5, None, None, None, -4.0, 3.5, 2002-03-30 16:30:00, None, None, 43.0
-4.0, None, None, 0.0, -5.0, -3.0, 2002-11-05 05:00:00, None, None, 0.0
4.0, None, None, 0.0, -5.0, 4.0, 2002-11-05 16:30:00, None, None, 0.0
6.0, None, None, None, 1.0, 6.0, 2002-11-06 05:15:00, None, None, None
10.0, None, None, 0.0, 6.0, 13.0, 2002-11-06 16:30:00, None, None, 0.0
-3.0, None, None, 0.0, -3.0, 10.5, 2002-11-07 05:30:00, None, None, 0.0
2.0, None, None, 0.0, -4.0, 3.0, 2002-11-07 16:30:00, None, None, 0.0
-1.0, None, None, 0.0, -2.0, 5.5, 2002-11-08 05:00:00, None, None, 0.0
2.5, None, None, 0.0, -1.0, 2.5, 2002-11-08 16:30:00, None, None, 0.0
-1.0, None, None, 0.0, -1.0, 2.5, 2002-11-09 05:30:00, None, None, 0.0
-2.0, None, None, 4.0, -2.0, -1.0, 2002-11-09 16:30:00, None, None, 4.0
-3.0, None, None, 2.0, -3.0, -1.5, 2002-11-10 05:00:00, None, None, 2.0
0.0, None, None, 0.0, -3.0, 1.0, 2002-11-10 16:30:00, None, None, 6.0
-1.0, None, None, None, -1.0, 0.5, 2002-11-11 05:30:00, None, None, 3.0
3.0, None, None, 0.0, -1.0, 8.0, 2002-11-11 16:30:00, None, None, 0.0
5.0, None, None, 0.0, -1.0, 5.0, 2002-11-12 05:30:00, None, None, 0.0
10.0, None, None, 0.0, 4.5, 11.0, 2002-11-12 16:30:00, None, None, 0.0
7.0, None, None, None, 7.0, 10.0, 2002-11-13 05:00:00, None, None, None
6.0, None, None, 0.0, 1.5, 10.0, 2002-11-13 16:30:00, None, None, 0.0
3.0, None, None, 0.0, 1.0, 6.0, 2002-11-14 05:00:00, None, None, 0.0
4.0, None, None, 0.0, 2.0, 5.5, 2002-11-14 16:30:00, None, None, 0.0
2.5, None, None, 0.0, -0.5, 3.5, 2002-11-15 05:00:00, None, None, 0.0
5.0, None, None, 0.0, 2.0, 5.0, 2002-11-15 06:30:00, None, None, 0.0
6.5, None, None, 0.0, 3.0, 6.5, 2002-11-16 05:30:00, None, None, 0.0
9.5, None, None, 0.0, 6.0, 10.5, 2002-11-16 16:30:00, None, None, 0.0
-1.5, None, None, 0.0, -1.5, 9.0, 2002-11-17 05:30:00, None, None, 0.0
6.0, None, None, 0.0, -2.0, 6.0, 2002-11-17 16:30:00, None, None, 0.0
4.0, None, None, 0.0, 3.5, 6.5, 2002-11-18 05:30:00, None, None, 0.0
5.5, None, None, 0.0, 4.0, 10.0, 2002-11-18 16:30:00, None, None, 0.0
7.0, None, None, 0.0, 7.0, 10.0, 2002-11-19 05:30:00, None, None, 0.0
10.0, None, None, 0.0, 7.0, 10.0, 2002-11-19 16:30:00, None, None, 0.0
11.0, None, None, 0.0, 9.5, 11.0, 2002-11-20 05:30:00, None, None, 0.0
13.0, None, None, 0.0, 9.5, 15.0, 2002-11-20 16:30:00, None, None, 0.0
8.0, None, None, None, 8.0, 13.5, 2002-11-21 05:30:00, None, None, None
8.0, None, None, 0.0, 7.5, 10.0, 2002-11-21 16:30:00, None, None, 0.0
-3.0, None, None, 0.0, -3.0, 9.5, 2002-11-22 05:30:00, None, None, 0.0
-2.0, None, None, 0.0, -5.0, 0.0, 2002-11-22 16:30:00, None, None, 0.0
-2.0, None, None, 0.0, -5.0, -2.0, 2002-11-23 05:30:00, None, None, 0.0
-2.0, None, None, 0.0, -3.0, -2.0, 2002-11-23 16:30:00, None, None, 0.0
-1.5, None, None, 0.0, -2.0, -1.5, 2002-11-24 05:30:00, None, None, 0.0
-1.0, None, None, 0.0, -2.0, -1.0, 2002-11-24 16:30:00, None, None, 0.0
-3.0, None, None, 0.0, -3.0, -1.0, 2002-11-25 05:30:00, None, None, 0.0
-2.0, None, None, 0.0, -3.5, -2.0, 2002-11-25 16:30:00, None, None, 0.0
-2.0, None, None, 0.0, -6.0, -2.0, 2002-11-26 05:30:00, None, None, 0.0
1.0, None, None, 0.0, -2.0, 2.0, 2002-11-26 15:30:00, None, None, 0.0
-6.5, None, None, 0.0, -6.5, 2.0, 2002-11-27 05:30:00, None, None, 0.0
5.0, None, None, 0.0, -7.0, 6.0, 2002-11-27 16:30:00, None, None, 0.0
-1.0, None, None, 0.0, -1.0, 6.0, 2002-11-28 05:30:00, None, None, 0.0
0.0, None, None, 0.0, -2.0, 5.0, 2002-11-28 16:30:00, None, None, 0.0
-6.0, None, None, 0.0, -6.0, 0.0, 2002-11-29 05:00:00, None, None, 0.0
0.0, None, None, 0.0, -6.0, 1.0, 2002-11-29 16:30:00, None, None, 0.0
-6.5, None, None, 0.0, -6.5, 0.0, 2002-11-30 05:30:00, None, None, 0.0
-1.0, None, None, 0.0, -7.0, 5.0, 2002-11-30 16:30:00, None, None, 0.0
-7.0, None, None, 0.0, -7.0, -1.0, 2002-12-01 05:30:00, None, None, 0.0
-2.0, None, None, 0.0, -3.0, -1.0, 2002-12-01 16:30:00, None, None, 0.0
-1.0, None, None, 0.0, -2.5, -1.0, 2002-12-02 05:30:00, None, None, 0.0
-1.0, None, None, 0.0, -1.0, -0.5, 2002-12-02 16:30:00, None, None, 0.0
-2.0, None, None, 0.0, -2.0, -0.5, 2002-12-03 05:30:00, None, None, 0.0
-3.0, None, None, 0.0, -3.0, -2.0, 2002-12-03 16:30:00, None, None, 0.0
-4.0, None, None, 0.0, -4.0, -2.5, 2002-12-04 05:30:00, None, None, 0.0
-4.5, None, None, 0.0, -5.0, -3.5, 2002-12-04 16:30:00, None, None, 0.0
-4.0, None, None, 0.0, -5.0, -4.0, 2002-12-05 05:30:00, None, None, 0.0
-2.0, None, None, 3.0, -4.0, -2.0, 2002-12-05 16:30:00, None, None, 3.5
-2.0, None, None, 0.0, -2.0, -1.0, 2002-12-06 05:30:00, None, None, 3.0
1.0, None, None, 0.0, -2.0, 1.5, 2002-12-06 16:30:00, None, None, 2.0
1.0, None, None, 0.0, 1.0, 1.5, 2002-12-07 05:30:00, None, None, 2.0
0.5, None, None, 0.0, 0.5, 2.0, 2002-12-07 16:30:00, None, None, 2.0
1.0, None, None, 0.0, -1.0, 1.0, 2002-12-08 05:30:00, None, None, 2.0
1.0, None, None, 0.0, -1.0, 2.0, 2002-12-08 16:30:00, None, None, 2.0
1.0, None, None, 0.0, 0.0, 2.5, 2002-12-09 05:30:00, None, None, 2.0
0.5, None, None, 0.0, -2.0, 3.5, 2002-12-10 05:30:00, None, None, 1.0
-1.0, None, None, 0.0, -1.0, 5.0, 2002-12-10 16:30:00, None, None, 1.0
-4.0, None, None, 0.0, -6.5, -1.5, 2002-12-11 05:30:00, None, None, 0.0
4.0, None, None, 0.0, -3.0, 5.0, 2002-12-11 16:30:00, None, None, 0.0
5.0, None, None, 0.0, 1.0, 5.0, 2002-12-12 05:30:00, None, None, 0.0
10.0, None, None, 0.0, 5.0, 11.0, 2002-12-12 16:30:00, None, None, 0.0
-0.5, None, None, 0.0, -1.0, 10.5, 2002-12-13 05:30:00, None, None, 0.0
3.0, None, None, 0.0, -1.0, 5.5, 2002-12-13 16:30:00, None, None, 0.0
4.0, None, None, 0.0, 3.0, 6.0, 2002-12-14 05:30:00, None, None, None
4.0, None, None, 0.0, 1.0, 5.0, 2002-12-14 16:30:00, None, None, 0.0
5.0, None, None, 0.0, 0.0, 5.0, 2002-12-15 05:30:00, None, None, None
4.5, None, None, 0.0, 0.0, 7.5, 2002-12-15 16:30:00, None, None, 0.0
7.5, None, None, 0.0, 4.5, 8.0, 2002-12-16 05:30:00, None, None, None
5.0, None, None, None, 4.5, 7.5, 2002-12-16 16:30:00, None, None, None
-1.0, None, None, 0.0, -1.0, 5.5, 2002-12-17 05:30:00, None, None, 0.0
0.0, None, None, 0.0, -2.0, 4.0, 2002-12-17 16:30:00, None, None, 0.0
-5.0, None, None, 0.0, -6.0, 1.0, 2002-12-18 05:30:00, None, None, 0.0
-1.5, None, None, 0.0, -6.0, -0.5, 2002-12-18 16:30:00, None, None, 0.0
-5.5, None, None, 0.0, -5.5, -1.5, 2002-12-19 05:30:00, None, None, 0.0
-5.5, None, None, 0.0, -7.0, -3.0, 2002-12-19 16:30:00, None, None, 0.0
-5.5, None, None, 0.0, -7.0, -5.5, 2002-12-20 05:30:00, None, None, 0.0
-5.0, None, None, 0.0, -6.0, -3.0, 2002-12-20 16:30:00, None, None, 0.0
-4.0, None, None, 0.0, -6.0, -4.0, 2002-12-21 05:30:00, None, None, 0.0
-6.0, None, None, 0.0, -6.0, -2.0, 2002-12-21 16:30:00, None, None, 0.0
-5.0, None, None, 0.0, -12.0, -3.5, 2002-12-22 16:30:00, None, None, 0.0
-4.0, None, None, 0.0, -10.5, -4.0, 2002-12-23 05:30:00, None, None, 0.0
-4.0, None, None, 0.0, -5.0, -2.5, 2002-12-23 16:30:00, None, None, 0.0
-11.0, None, None, 0.0, -11.0, -3.5, 2002-12-24 05:30:00, None, None, None
0.0, None, None, None, -16.0, 0.5, 2002-12-24 16:30:00, None, None, None
1.0, None, None, 0.0, 0.0, 1.0, 2002-12-25 05:30:00, None, None, 0.0
1.0, None, None, 3.0, 0.0, 3.0, 2002-12-25 16:30:00, None, None, 3.0
-2.0, None, None, 2.0, -2.0, 1.5, 2002-12-26 05:30:00, None, None, 5.0
-2.0, None, None, 0.0, -3.0, 0.0, 2002-12-26 16:30:00, None, None, 5.0
-14.0, None, None, 0.0, -14.0, -3.0, 2002-12-27 05:30:00, None, None, 5.0
-9.0, None, None, 0.0, -15.0, -7.5, 2002-12-27 16:30:00, None, None, 5.0
-15.0, None, None, 0.0, -15.0, -8.0, 2002-12-28 05:30:00, None, None, 5.0
-10.5, None, None, 0.0, -17.0, -9.0, 2002-12-28 16:30:00, None, None, 5.0
-9.0, None, None, 0.0, -14.0, -9.0, 2002-12-29 05:30:00, None, None, 5.0
-9.0, None, None, 0.0, -10.0, -8.0, 2002-12-29 14:30:00, None, None, 5.0
-5.0, None, None, 2.0, -11.0, -5.0, 2002-12-30 05:30:00, None, None, 7.0
-2.0, None, None, 0.0, -5.0, 0.0, 2002-12-30 16:30:00, None, None, 7.0
-8.0, None, None, 0.0, -8.5, -2.5, 2002-12-31 05:30:00, None, None, 4.0
-2.0, None, None, 0.0, -7.5, 0.5, 2002-12-31 16:30:00, None, None, 4.0
0.0, None, None, 0.0, -2.5, 0.0, 2003-01-01 05:00:00, None, None, 4.0
3.5, None, None, 0.0, -1.0, 4.5, 2003-01-01 16:30:00, None, None, 4.0
0.0, None, None, 0.0, 0.0, 4.5, 2003-01-02 05:00:00, None, None, 3.0
5.0, None, None, 0.0, 0.0, 5.0, 2003-01-02 16:30:00, None, None, 1.0
6.5, None, None, 0.0, 2.0, 7.0, 2003-01-03 05:00:00, None, None, 1.0
6.5, None, None, 0.0, 4.0, 7.0, 2003-01-03 16:30:00, None, None, 1.0
6.0, None, None, 0.0, 4.0, 6.0, 2003-01-04 05:30:00, None, None, 0.0
8.0, None, None, 0.0, 4.0, 9.0, 2003-01-04 16:30:00, None, None, 0.0
-3.0, None, None, 0.0, -3.0, 7.5, 2003-01-05 05:30:00, None, None, 0.0
7.0, None, None, 0.0, -3.0, 7.0, 2003-01-05 16:30:00, None, None, 0.0
7.0, None, None, 0.0, 5.0, 7.0, 2003-01-06 05:30:00, None, None, 0.0
9.0, None, None, 0.0, 6.0, 10.0, 2003-01-06 16:30:00, None, None, 0.0
4.0, None, None, 0.0, 4.0, 10.0, 2003-01-07 05:30:00, None, None, None
4.0, None, None, 0.0, 3.0, 7.5, 2003-01-07 16:30:00, None, None, 0.0
-7.0, None, None, 0.0, -7.0, 1.5, 2003-01-08 05:27:00, None, None, 0.0
-2.5, None, None, 0.0, -8.0, 1.0, 2003-01-08 16:30:00, None, None, 0.0
-12.0, None, None, 0.0, -12.0, -1.5, 2003-01-09 05:30:00, None, None, None
-8.0, None, None, 0.0, -13.0, -4.5, 2003-01-09 16:30:00, None, None, 0.0
-10.0, None, None, 0.0, -13.0, -7.0, 2003-01-10 05:30:00, None, None, 0.0
-9.0, None, None, 0.0, -10.5, -8.0, 2003-01-10 16:30:00, None, None, 0.0
-10.0, None, None, 0.0, -11.0, -10.0, 2003-01-11 05:30:00, None, None, 0.0
-10.0, None, None, 0.0, -11.0, -6.0, 2003-01-11 16:30:00, None, None, 0.0
-11.0, None, None, 3.0, -11.0, -8.0, 2003-01-12 05:30:00, None, None, 3.0
-8.5, None, None, 2.0, -9.0, -4.5, 2003-01-12 16:30:00, None, None, 5.0
-14.0, None, None, 0.0, -17.0, -8.0, 2003-01-13 05:30:00, 0.0, None, 3.0
-6.0, None, None, 0.0, -14.0, -6.0, 2003-01-13 16:30:00, None, None, 3.0
-6.0, None, None, 2.0, -9.0, -6.0, 2003-01-14 05:30:00, None, None, 4.0
-2.0, None, None, 0.0, -7.0, 2.0, 2003-01-14 16:30:00, None, None, 4.0
-6.0, None, None, 0.0, -6.0, -2.0, 2003-01-15 05:30:00, None, None, 4.0
-3.0, None, None, 0.0, -9.0, -2.5, 2003-01-15 16:30:00, None, None, 4.0
-8.0, None, None, 0.0, -10.0, -2.0, 2003-01-16 05:30:00, None, None, 4.0
-2.5, None, None, 0.0, -8.0, 0.5, 2003-01-16 16:30:00, None, None, 4.0
-1.0, None, None, 0.1, -6.0, -1.0, 2003-01-17 05:30:00, None, None, 4.0
0.0, None, None, 0.1, -2.0, 1.0, 2003-01-17 16:30:00, None, None, None
-10.0, None, None, 0.0, -10.0, 0.0, 2003-01-18 05:30:00, None, None, 4.0
-1.0, None, None, 0.0, -10.0, 1.0, 2003-01-18 16:30:00, None, None, 4.0
-2.0, None, None, 0.0, -7.0, -2.0, 2003-01-19 05:30:00, None, None, 3.0
-2.0, None, None, 0.0, -5.0, -1.0, 2003-01-19 16:30:00, None, None, 3.0
-3.0, None, None, 0.0, -4.5, -1.0, 2003-01-20 05:30:00, None, None, 3.0
-1.0, None, None, 0.0, -4.0, 1.5, 2003-01-20 16:30:00, None, None, 3.0
-16.0, None, None, 0.0, -16.0, -0.5, 2003-01-21 05:30:00, None, None, 3.0
-13.0, None, None, 0.0, -18.0, -11.5, 2003-01-21 16:30:00, None, None, 3.0
-22.0, None, None, None, -25.0, -11.5, 2003-01-22 05:30:00, None, None, 3.0
-16.0, None, None, 2.0, -22.5, -16.0, 2003-01-22 16:30:00, None, None, 5.0
-12.0, None, None, 1.0, -15.0, -12.0, 2003-01-23 05:30:00, None, None, 4.0
-11.0, None, None, 2.0, -18.0, -11.0, 2003-01-23 16:20:00, None, None, 6.0
-12.0, None, None, 6.0, -14.0, -9.0, 2003-01-24 05:30:00, None, None, 14.0
-11.0, None, None, 1.0, -11.0, -9.0, 2003-01-24 16:30:00, None, None, 15.0
-14.0, None, None, 2.0, -14.0, -11.0, 2003-01-25 05:30:00, None, None, 17.0
-10.5, None, None, 6.0, -15.0, -10.5, 2003-01-25 16:30:00, None, None, 23.0
4.5, None, None, 0.0, -10.5, 4.5, 2003-01-26 05:30:00, None, None, 18.0
5.0, None, None, 0.0, 4.0, 10.0, 2003-01-26 16:30:00, None, None, 12.0
-3.5, None, None, 0.0, -4.0, 5.0, 2003-01-27 05:30:00, None, None, 12.0
3.0, None, None, 0.0, -5.0, 5.5, 2003-01-27 16:30:00, None, None, 12.0
-9.0, None, None, 0.0, -10.0, 4.0, 2003-01-28 05:30:00, None, None, 12.0
-1.0, None, None, 0.0, -12.0, -1.0, 2003-01-28 16:30:00, None, None, 12.0
-1.0, None, None, 0.0, -4.5, 1.0, 2003-01-29 05:30:00, None, None, 12.0
1.0, None, None, 2.0, -2.0, 1.0, 2003-01-29 16:30:00, None, None, 14.0
0.0, None, None, 4.0, 0.0, 1.5, 2003-01-30 05:30:00, None, None, 18.0
1.5, None, None, 0.0, -1.0, 4.5, 2003-01-30 16:36:00, None, None, 15.0
3.0, None, None, 0.0, -1.0, 3.0, 2003-01-31 05:00:00, None, None, 17.0
3.5, None, None, 0.0, 2.5, 7.0, 2003-01-31 16:30:00, None, None, 17.0
0.5, None, None, 0.0, 0.5, 3.0, 2003-02-01 05:30:00, None, None, 15.0
3.5, None, None, 0.0, 0.0, 5.5, 2003-02-01 16:30:00, None, None, 15.0
-6.0, None, None, 0.0, -7.0, -5.0, 2003-02-02 05:30:00, None, None, 15.0
1.0, None, None, 0.1, -6.0, 2.0, 2003-02-02 16:30:00, None, None, 15.0
-1.0, None, None, 3.0, -2.0, 1.0, 2003-02-03 05:30:00, None, None, 17.0
1.0, None, None, 0.1, -2.0, 2.5, 2003-02-03 16:30:00, None, None, 17.0
-7.0, None, None, 0.0, -8.0, 1.5, 2003-02-04 05:30:00, None, None, 17.0
2.0, None, None, None, -6.5, 3.5, 2003-02-04 16:30:00, None, None, 17.0
-5.0, None, None, 0.0, -6.0, 2.0, 2003-02-05 05:30:00, None, None, 16.0
-2.0, None, None, 0.0, -6.0, -1.5, 2003-02-05 16:30:00, None, None, 16.0
-5.0, None, None, 0.0, -5.0, -1.0, 2003-02-06 05:30:00, None, None, 16.0
-2.5, None, None, 0.0, -5.0, -2.0, 2003-02-06 16:30:00, None, None, 16.0
-4.5, None, None, 0.0, -4.5, -1.5, 2003-02-07 05:30:00, None, None, 16.0
-4.0, None, None, 0.0, -6.0, -3.0, 2003-02-07 16:30:00, None, None, 16.0
-5.0, None, None, 0.0, -5.0, -4.0, 2003-02-08 05:30:00, None, None, 16.0
-4.0, None, None, 0.0, -5.0, -4.0, 2003-02-08 16:30:00, None, None, 16.0
-7.0, None, None, 0.0, -7.0, -4.5, 2003-02-09 05:30:00, None, None, 16.0
-3.0, None, None, 0.0, -8.0, -1.0, 2003-02-09 16:30:00, None, None, 16.0
-10.0, None, None, 0.0, -10.5, -3.0, 2003-02-10 05:30:00, None, None, 16.0
-3.0, None, None, 0.0, -14.5, 1.0, 2003-02-10 16:30:00, None, None, 16.0
-11.0, None, None, 0.0, -13.0, -3.0, 2003-02-11 05:30:00, None, None, 16.0
-3.0, None, None, 0.0, -12.0, -0.5, 2003-02-11 16:30:00, None, None, 16.0
-11.5, None, None, 0.0, -12.0, -2.0, 2003-02-12 05:30:00, None, None, 16.0
-2.0, None, None, 0.0, -12.0, -0.5, 2003-02-12 16:30:00, None, None, 16.0
-9.0, None, None, 0.0, -12.0, -2.0, 2003-02-13 05:30:00, None, None, 16.0
-6.0, None, None, 0.0, -8.5, -6.0, 2003-02-13 16:30:00, None, None, 16.0
-6.5, None, None, 0.0, -6.5, -6.0, 2003-02-14 05:00:00, None, None, 16.0
-2.5, None, None, 0.0, -6.0, -2.5, 2003-02-14 16:30:00, None, None, 16.0
-5.0, None, None, 0.0, -5.0, -2.0, 2003-02-15 05:00:00, None, None, 16.0
1.0, None, None, 0.0, -5.0, 1.0, 2003-02-15 16:30:00, None, None, 16.0
-4.0, None, None, 0.0, -5.0, 1.0, 2003-02-16 05:30:00, None, None, 16.0
-1.0, None, None, 2.0, -5.0, -1.0, 2003-02-16 16:00:00, None, None, 18.0
-3.0, None, None, None, -3.0, -0.5, 2003-02-17 05:30:00, None, None, 17.0
4.0, None, None, 0.0, -3.0, 5.5, 2003-02-17 16:30:00, None, None, 17.0
-6.0, None, None, None, -6.0, 5.0, 2003-02-18 05:00:00, None, None, 17.0
4.0, None, None, 0.0, -7.5, 4.5, 2003-02-18 16:30:00, None, None, 17.0
-0.5, None, None, 5.0, -3.0, 4.0, 2003-02-19 05:00:00, None, None, 22.0
3.0, None, None, 8.0, -1.0, 3.0, 2003-02-19 16:30:00, None, None, 28.0
-0.5, None, None, 0.0, -0.5, 3.0, 2003-02-20 05:00:00, None, None, 28.0
-5.0, None, None, 0.1, -5.0, -2.5, 2003-02-20 16:30:00, None, None, 28.0
-10.0, None, None, 4.0, -10.0, -5.0, 2003-02-21 05:00:00, None, None, 29.0
-8.0, None, None, 3.0, -10.5, -6.5, 2003-02-21 16:30:00, None, None, 32.0
-13.0, None, None, 0.0, -14.0, -8.0, 2003-02-22 05:00:00, None, None, 32.0
-10.0, None, None, 0.0, -14.0, -8.0, 2003-02-22 16:30:00, None, None, 32.0
-23.0, None, None, 0.0, -25.0, -10.0, 2003-02-23 05:30:00, None, None, 32.0
-28.0, None, None, 0.0, -28.0, -10.5, 2003-02-24 05:00:00, None, None, 32.0
-5.0, None, None, 0.0, -28.5, -3.5, 2003-02-24 16:30:00, None, None, 32.0
-9.0, None, None, 0.0, -10.0, -5.5, 2003-02-25 05:30:00, None, None, 32.0
-0.5, None, None, None, -10.0, -0.5, 2003-02-25 16:30:00, None, None, 32.0
-3.5, None, None, 2.0, -3.5, -0.5, 2003-02-26 05:00:00, None, None, 34.0
-2.0, None, None, 1.0, -4.0, -1.5, 2003-02-26 16:30:00, None, None, 35.0
-5.0, None, None, 0.0, -5.0, -2.5, 2003-02-27 05:00:00, None, None, 28.0
2.5, None, None, 0.0, -5.0, 4.0, 2003-02-27 16:30:00, None, None, 28.0
-1.0, None, None, 8.0, -1.0, 3.5, 2003-02-28 05:00:00, None, None, 35.0
1.0, None, None, 1.0, -1.0, 3.5, 2003-02-28 16:30:00, None, None, 36.0
-8.0, None, None, 0.0, -9.0, 2.0, 2003-03-01 05:30:00, None, None, 36.0
2.0, None, None, 0.0, -8.0, 2.0, 2003-03-01 16:30:00, None, None, 36.0
0.0, None, None, 8.0, 0.0, 2.0, 2003-03-02 05:30:00, None, None, 43.0
-9.5, None, None, 0.0, -9.5, 2.5, 2003-03-03 05:00:00, None, None, 33.0
2.0, None, None, 0.0, -12.0, 3.0, 2003-03-03 16:30:00, None, None, 33.0
-3.0, None, None, 1.0, -3.0, 3.0, 2003-03-04 05:00:00, None, None, 34.0
1.0, None, None, 4.0, -3.0, 1.0, 2003-03-04 16:30:00, None, None, 38.0
-9.0, None, None, 1.0, -9.0, 1.0, 2003-03-05 16:30:00, None, None, 37.0
-20.0, None, None, 0.0, -20.0, -9.0, 2003-03-06 05:00:00, None, None, 36.0
-11.0, None, None, 0.0, -20.0, -10.0, 2003-03-06 16:30:00, None, None, 56.0
-28.0, None, None, 0.0, -29.0, -11.0, 2003-03-07 05:00:00, None, None, 36.0
-16.0, None, None, 0.0, -29.5, -15.0, 2003-03-07 16:30:00, None, None, 36.0
-31.0, None, None, 0.0, -31.0, -16.0, 2003-03-08 05:30:00, None, None, 36.0
-16.0, None, None, 0.0, -32.0, -15.5, 2003-03-08 16:30:00, None, None, 36.0
-23.0, None, None, 0.1, -26.0, -16.0, 2003-03-09 05:30:00, None, None, 36.0
-14.5, None, None, 4.0, -23.5, -14.5, 2003-03-09 16:30:00, None, None, 40.0
-14.0, None, None, 7.0, -15.5, -13.5, 2003-03-10 05:00:00, None, None, 47.0
-8.0, None, None, 0.0, -15.5, -8.0, 2003-03-10 16:30:00, None, None, 47.0
-12.0, None, None, 0.1, -12.0, -7.5, 2003-03-11 05:30:00, None, None, 45.0
-6.0, None, None, 2.0, -13.0, -6.0, 2003-03-11 16:30:00, None, None, 47.0
-10.0, None, None, 3.0, -10.0, -6.0, 2003-03-12 05:00:00, None, None, 50.0
-4.0, None, None, 5.0, -9.0, -4.0, 2003-03-12 16:30:00, None, None, 55.0
1.0, None, None, None, -4.5, 4.5, 2003-03-13 05:30:00, None, None, 50.0
13.0, None, None, 0.0, 0.0, 14.5, 2003-03-13 16:30:00, None, None, 50.0
0.5, None, None, 0.0, 0.5, 14.0, 2003-03-14 05:30:00, None, None, 31.0
13.0, None, None, None, 0.0, 13.0, 2003-03-14 16:30:00, None, None, 29.0
-2.0, None, None, 0.0, -2.0, 12.5, 2003-03-15 05:30:00, None, None, 28.0
14.5, None, None, 0.0, -2.0, 14.5, 2003-03-15 16:30:00, None, None, 19.0
-2.0, None, None, 0.0, -2.0, 14.0, 2003-03-16 05:30:00, None, None, 17.0
12.0, None, None, 0.0, -3.5, 12.0, 2003-03-16 16:30:00, None, None, 17.0
-4.0, None, None, 0.0, -4.0, 12.0, 2003-03-17 05:30:00, None, None, 13.0
-5.0, None, None, 0.0, -5.0, 11.0, 2003-03-18 05:30:00, None, None, 10.0
8.0, None, None, 0.0, -5.0, 8.0, 2003-03-18 16:30:00, None, None, 10.0
-3.5, None, None, 0.0, -3.5, 7.5, 2003-03-19 05:00:00, None, None, 10.0
10.0, None, None, None, -4.0, 10.5, 2003-03-19 16:30:00, None, None, 8.0
4.0, None, None, 0.0, 3.0, 11.0, 2003-03-20 05:00:00, None, None, 7.0
10.0, None, None, None, 3.0, 14.0, 2003-03-20 16:30:00, None, None, 7.0
1.5, None, None, 0.0, 1.0, 10.0, 2003-03-21 05:00:00, None, None, 5.0
8.5, None, None, 0.0, 0.0, 12.0, 2003-03-21 16:30:00, None, None, 5.0
2.5, None, None, 0.0, 1.5, 8.5, 2003-03-22 05:30:00, None, None, 0.0
9.5, None, None, 0.0, 1.5, 13.0, 2003-03-22 16:30:00, None, None, 0.0
-2.0, None, None, 0.0, -2.0, 9.0, 2003-03-23 05:30:00, None, None, None
5.0, None, None, 0.0, -3.0, 6.0, 2003-03-23 16:30:00, None, None, 0.0
7.0, None, None, 0.0, -8.0, 7.0, 2003-03-24 16:30:00, None, None, 0.0
0.0, None, None, 1.0, -2.0, 7.0, 2003-03-25 05:00:00, None, None, 1.0
7.0, None, None, 0.0, 0.0, 7.0, 2003-03-25 16:30:00, None, None, 0.0
-9.0, None, None, 0.0, -9.0, 7.0, 2003-03-26 05:30:00, None, None, 0.0
9.0, None, None, 0.0, -9.0, 10.0, 2003-03-26 16:30:00, None, None, 0.0
-1.0, None, None, 0.0, -1.5, 9.0, 2003-03-27 05:00:00, None, None, 0.0
11.5, None, None, 0.0, -2.0, 11.5, 2003-03-27 16:30:00, None, None, 0.0
-2.0, None, None, None, -2.0, 11.5, 2003-03-28 05:30:00, None, None, None
10.5, None, None, 0.0, -2.5, 10.5, 2003-03-28 16:30:00, None, None, 0.0
2.5, None, None, 0.0, 2.5, 11.0, 2003-03-29 05:30:00, None, None, 0.0
9.0, None, None, 0.0, 2.5, 9.0, 2003-03-29 16:30:00, None, None, 0.0
12.5, None, None, 0.0, 7.0, 14.5, 2003-03-30 16:30:00, None, None, 0.0
-7.0, None, None, 0.0, -7.0, -1.0, 2003-11-02 05:30:00, None, None, 0.0
0.0, None, None, 0.0, -10.0, 2.0, 2003-11-02 16:03:00, None, None, 0.0
-10.0, None, None, 0.1, -10.0, 0.0, 2003-11-03 05:30:00, None, None, 0.0
-2.0, None, None, 0.0, -11.5, 0.0, 2003-11-03 16:30:00, None, None, 0.0
-16.0, None, None, 0.0, -16.0, -2.0, 2003-11-04 05:30:00, None, None, 0.0
-7.0, None, None, 0.0, -7.0, -2.5, 2003-11-04 16:30:00, None, None, 0.0
-16.0, None, None, 0.0, -16.0, -6.5, 2003-11-05 05:30:00, None, None, 0.0
-7.5, None, None, 0.0, -17.0, -2.5, 2003-11-05 16:30:00, None, None, 0.0
-16.0, None, None, 0.0, -16.0, -8.0, 2003-11-06 05:30:00, None, None, 0.0
-4.0, None, None, 0.0, -16.5, 0.5, 2003-11-06 16:30:00, None, None, 0.0
-13.5, None, None, None, -13.5, -7.0, 2003-11-07 05:30:00, None, None, None
-14.0, None, None, 0.0, -14.0, -3.0, 2003-11-08 05:30:00, None, None, None
-5.0, None, None, 0.0, -15.0, -1.0, 2003-11-08 16:30:00, None, None, 0.0
-15.0, None, None, 0.0, -15.0, -5.0, 2003-11-09 05:30:00, None, None, 0.0
0.0, None, None, 0.0, -16.5, 1.5, 2003-11-09 16:30:00, None, None, 0.0
0.5, None, None, 0.0, -5.0, 1.5, 2003-11-10 16:30:00, None, None, 0.0
-1.0, None, None, 5.0, -1.0, 1.0, 2003-11-11 05:30:00, None, None, 5.0
1.0, None, None, 2.0, -1.0, 1.0, 2003-11-12 05:30:00, None, None, 6.0
3.5, None, None, 0.0, 1.0, 3.5, 2003-11-12 16:30:00, None, None, 4.0
4.0, None, None, 0.0, 3.0, 4.0, 2003-11-13 05:30:00, None, None, 0.0
5.0, None, None, 0.0, 4.0, 7.0, 2003-11-13 16:30:00, None, None, 0.0
1.5, None, None, 0.0, 1.5, 6.0, 2003-11-14 05:30:00, None, None, 0.0
2.0, None, None, 0.0, 0.5, 4.5, 2003-11-14 16:30:00, None, None, 0.0
-2.0, None, None, 0.0, -2.0, 2.0, 2003-11-15 05:30:00, None, None, None
3.0, None, None, 0.0, -2.0, 7.0, 2003-11-15 16:30:00, None, None, 0.0
-1.0, None, None, 0.0, -1.0, 4.0, 2003-11-16 05:30:00, None, None, 0.0
3.5, None, None, 0.0, -1.5, 3.5, 2003-11-16 16:30:00, None, None, 0.0
0.5, None, None, 0.0, 0.0, 3.5, 2003-11-17 05:30:00, None, None, 0.0
0.0, None, None, 2.0, 0.0, 4.0, 2003-11-17 16:30:00, None, None, 2.0
0.0, None, None, 2.0, 0.0, 2.0, 2003-11-18 05:30:00, None, None, 3.0
-1.5, None, None, 0.0, -4.0, 0.0, 2003-11-18 16:30:00, None, None, 3.0
-3.0, None, None, 4.0, -3.0, -1.5, 2003-11-19 05:00:00, None, None, 7.0
-6.0, None, None, 0.0, -6.0, -3.0, 2003-11-19 16:30:00, None, None, 6.0
-10.0, None, None, 0.0, -12.0, -6.0, 2003-11-20 05:30:00, None, None, 6.0
-8.0, None, None, 0.0, -10.5, -6.0, 2003-11-20 16:30:00, None, None, 6.0
-20.0, None, None, None, -20.0, -8.0, 2003-11-21 05:30:00, None, None, None
-12.5, None, None, 0.0, -20.0, -10.5, 2003-11-21 16:30:00, None, None, 6.0
-10.0, None, None, 0.0, -13.0, -9.5, 2003-11-22 05:30:00, None, None, 6.0
-8.0, None, None, 0.1, -10.0, -7.5, 2003-11-22 16:30:00, None, None, 6.0
-4.0, None, None, 2.0, -10.0, -4.0, 2003-11-23 05:30:00, None, None, 8.0
-3.0, None, None, 1.0, -4.0, -3.0, 2003-11-23 16:30:00, None, None, 9.0
-11.0, None, None, 1.0, -11.0, -3.0, 2003-11-24 05:30:00, None, None, 9.0
-3.0, None, None, 0.0, -16.0, -3.0, 2003-11-24 16:30:00, None, None, 9.0
-3.0, None, None, 4.0, -4.0, -3.0, 2003-11-25 05:30:00, None, None, 13.0
-1.0, None, None, 3.0, -2.0, 1.0, 2003-11-25 16:30:00, None, None, 12.0
-5.0, None, None, 0.0, -5.0, 0.5, 2003-11-26 05:30:00, None, None, 14.0
-3.0, None, None, 0.0, -6.0, 1.5, 2003-11-26 16:30:00, None, None, 13.0
2.0, None, None, None, -7.0, 2.0, 2003-11-27 16:30:00, None, None, 13.0
1.0, None, None, 0.0, 1.0, 3.0, 2003-11-28 05:30:00, None, None, 12.0
0.0, None, None, 3.0, 0.0, 1.5, 2003-11-28 16:30:00, None, None, 15.0
-4.0, None, None, 0.0, -4.0, 0.0, 2003-11-29 05:30:00, None, None, 12.0
-4.0, None, None, 0.1, -5.0, 1.0, 2003-11-29 16:30:00, None, None, 12.0
-13.0, None, None, None, -13.0, -4.0, 2003-11-30 05:30:00, None, None, 12.0
-3.5, None, None, 0.0, -14.5, -2.5, 2003-11-30 16:30:00, None, None, 12.0
-7.0, None, None, 0.0, -17.0, -3.0, 2003-12-01 16:30:00, None, None, 12.0
-5.0, None, None, 0.0, -12.0, -4.0, 2003-12-02 05:30:00, None, None, 12.0
5.0, None, None, 0.0, -5.0, 5.5, 2003-12-02 16:30:00, None, None, 12.0
-2.0, None, None, 1.0, -2.0, 5.0, 2003-12-03 05:30:00, None, None, 12.0
-1.0, None, None, 0.0, -6.0, -1.0, 2003-12-03 16:30:00, None, None, 12.0
-5.0, None, None, 0.0, -6.0, -5.0, 2003-12-04 05:30:00, None, None, 12.0
1.0, None, None, 0.0, -14.0, 1.0, 2003-12-04 16:30:00, None, None, 12.0
3.5, None, None, 0.0, 2.0, 4.0, 2003-12-05 05:30:00, None, None, 10.0
5.0, None, None, 0.0, 2.5, 6.0, 2003-12-05 16:30:00, None, None, 10.0
2.0, None, None, 0.0, 1.0, 6.0, 2003-12-06 05:30:00, None, None, 10.0
2.0, None, None, 0.0, -1.0, 3.0, 2003-12-06 16:30:00, None, None, 9.0
0.0, None, None, 0.0, -1.0, 2.0, 2003-12-07 05:30:00, None, None, 9.0
0.0, None, None, 0.1, 0.0, 2.0, 2003-12-07 16:30:00, None, None, 10.0
-1.5, None, None, 0.0, -3.0, -1.0, 2003-12-08 16:30:00, None, None, 10.0
-3.0, None, None, 0.0, -3.0, -1.0, 2003-12-09 05:30:00, None, None, 10.0
-7.0, None, None, 0.0, -7.0, -2.0, 2003-12-09 16:30:00, None, None, 10.0
-9.0, None, None, 0.0, -12.0, -6.5, 2003-12-10 05:30:00, None, None, 10.0
-10.5, None, None, 0.0, -10.5, -9.0, 2003-12-10 16:30:00, None, None, 10.0
-10.5, None, None, 0.0, -13.0, -9.5, 2003-12-11 05:30:00, None, None, 10.0
-6.0, None, None, 0.0, -12.0, -6.0, 2003-12-11 16:30:00, None, None, 10.0
-3.0, None, None, 0.1, -6.0, -3.0, 2003-12-12 05:30:00, None, None, 10.0
0.0, None, None, 6.0, -6.0, 0.0, 2003-12-12 16:30:00, None, None, 16.0
-13.0, None, None, 2.0, -13.0, 0.0, 2003-12-13 05:30:00, None, None, 12.0
-5.5, None, None, 1.0, -14.5, -5.0, 2003-12-13 16:30:00, None, None, 23.0
-7.0, None, None, 0.0, -7.0, -6.0, 2003-12-14 05:30:00, None, None, 23.0
-3.5, None, None, 0.0, -10.0, -3.0, 2003-12-14 16:30:00, None, None, 16.0
-12.0, None, None, None, -12.0, -3.0, 2003-12-15 05:30:00, None, None, 16.0
1.0, None, None, 1.0, -13.0, 1.0, 2003-12-15 16:30:00, None, None, 17.0
2.0, None, None, 0.0, 2.0, 3.0, 2003-12-16 05:30:00, None, None, 12.0
1.5, None, None, 0.0, 1.5, 3.0, 2003-12-16 16:30:00, None, None, 12.0
-3.0, None, None, None, -3.0, 3.0, 2003-12-17 05:30:00, None, None, None
1.0, None, None, 0.0, -6.0, 1.0, 2003-12-17 16:30:00, None, None, 16.0
1.5, None, None, 0.0, -2.0, 3.0, 2003-12-18 05:30:00, None, None, 12.0
4.0, None, None, 0.0, 1.5, 4.0, 2003-12-18 16:30:00, None, None, 16.0
4.0, None, None, 0.0, 3.0, 4.0, 2003-12-19 05:30:00, None, None, 16.0
6.0, None, None, 0.0, 4.0, 6.0, 2003-12-19 16:30:00, None, None, 16.0
1.0, None, None, 0.0, 1.0, 6.0, 2003-12-20 05:30:00, None, None, 16.0
1.0, None, None, 0.0, -1.0, 3.0, 2003-12-20 16:30:00, None, None, 16.0
-4.0, None, None, 0.0, -5.0, 1.0, 2003-12-21 05:30:00, None, None, 16.0
0.0, None, None, 0.0, -5.0, 5.0, 2003-12-21 16:30:00, None, None, 16.0
1.0, None, None, 0.0, -5.0, 2.0, 2003-12-22 05:30:00, None, None, 16.0
2.5, None, None, 0.0, 0.0, 3.0, 2003-12-22 16:30:00, None, None, 16.0
5.0, None, None, 0.0, -1.0, 5.5, 2003-12-23 05:30:00, None, None, 14.0
6.5, None, None, None, 4.0, 6.5, 2003-12-23 16:30:00, None, None, 14.0
1.0, None, None, 0.0, 0.0, 7.0, 2003-12-24 05:30:00, None, None, 12.0
5.0, None, None, None, -2.0, 7.5, 2003-12-24 16:30:00, None, None, 12.0
2.5, None, None, 12.0, 2.0, 6.0, 2003-12-25 05:30:00, None, None, 0.0
-1.0, None, None, 0.0, -1.0, 4.0, 2003-12-25 18:00:00, None, None, 12.0
-10.0, None, None, 0.1, -10.0, -1.0, 2003-12-26 05:30:00, None, None, 12.0
-5.0, None, None, 0.0, -5.0, -2.0, 2003-12-27 05:30:00, None, None, 12.0
-2.0, None, None, 0.0, -10.0, -1.0, 2003-12-27 16:30:00, None, None, 12.0
-5.0, None, None, 0.0, -5.0, -1.0, 2003-12-28 05:30:00, None, None, 12.0
-6.0, None, None, 0.0, -6.0, -3.0, 2003-12-28 16:30:00, None, None, 12.0
-6.0, 90.0, 3.0, 0.0, -11.0, -6.0, 2003-12-29 05:30:00, 1.0, 0.0, 12.0
-7.0, None, None, 0.0, -7.0, -6.5, 2003-12-29 16:30:00, None, None, 12.0
-7.0, None, None, 0.1, -9.0, -7.0, 2003-12-30 05:30:00, None, None, 12.0
-4.5, None, None, 6.0, -7.0, -4.5, 2003-12-30 16:30:00, None, None, 18.0
-4.5, None, None, 7.0, -5.0, -4.5, 2003-12-31 05:30:00, None, None, 24.0
-4.5, None, None, 1.0, -6.0, -4.5, 2003-12-31 16:30:00, None, None, 24.0
-7.0, None, None, 3.0, -7.0, 1.0, 2004-01-01 05:30:00, None, None, 26.0
-13.0, None, None, 2.0, -13.0, -7.0, 2004-01-01 16:30:00, None, None, 28.0
-22.0, None, None, 0.0, -22.0, -13.0, 2004-01-02 05:00:00, None, None, 28.0
-19.0, None, None, 0.0, -25.0, -17.0, 2004-01-02 16:30:00, None, None, 28.0
-30.0, None, None, 0.0, -30.0, -21.0, 2004-01-03 05:30:00, None, None, 28.0
-24.0, None, None, 0.0, -32.5, -20.0, 2004-01-03 16:30:00, None, None, 28.0
-34.0, None, None, 0.0, -34.0, -24.0, 2004-01-04 05:30:00, None, None, 28.0
-26.5, None, None, 0.0, -35.0, -23.0, 2004-01-04 16:30:00, None, None, 28.0
-35.0, None, None, 0.0, -35.0, -26.0, 2004-01-05 05:50:00, None, None, 28.0
-27.5, None, None, 0.0, -36.0, -24.0, 2004-01-05 16:30:00, None, None, 28.0
-35.0, None, None, None, -35.0, -27.0, 2004-01-06 05:30:00, None, None, 28.0
-24.0, None, None, 0.0, -36.0, -24.0, 2004-01-06 16:30:00, None, None, 28.0
-20.0, None, None, 2.0, -25.0, -14.0, 2004-01-07 05:30:00, None, None, 29.0
-13.0, None, None, 1.0, -20.0, -13.0, 2004-01-07 16:30:00, None, None, 30.0
-2.0, None, None, 0.0, -13.0, -2.0, 2004-01-08 05:30:00, None, None, 30.0
1.0, None, None, 0.0, -2.0, 2.5, 2004-01-08 16:30:00, None, None, 30.0
-2.5, None, None, 0.0, -2.5, 1.0, 2004-01-09 05:30:00, None, None, 30.0
1.0, None, None, 0.0, -3.0, 3.5, 2004-01-09 16:30:00, None, None, 30.0
2.0, None, None, 0.0, 2.0, 5.0, 2004-01-10 05:30:00, None, None, 30.0
1.0, None, None, 0.0, -0.5, 6.0, 2004-01-10 16:30:00, None, None, 30.0
-5.0, None, None, 0.0, -5.0, 0.0, 2004-01-11 05:30:00, None, None, 30.0
-1.5, None, None, 0.0, -5.5, -1.0, 2004-01-11 16:30:00, None, None, 30.0
-8.0, None, None, 0.0, -8.0, -1.0, 2004-01-12 05:30:00, None, None, 30.0
-1.5, None, None, 0.0, -8.0, -1.5, 2004-01-12 16:30:00, None, None, 30.0
0.0, None, None, 0.0, -1.0, 2.0, 2004-01-13 05:30:00, None, None, 25.0
3.0, None, None, 0.0, -2.5, 3.0, 2004-01-13 16:30:00, None, None, 25.0
8.0, None, None, 0.0, 3.0, 10.0, 2004-01-14 16:30:00, None, None, 17.0
5.0, None, None, 0.0, 5.0, 10.0, 2004-01-15 05:30:00, None, None, 10.0
2.5, None, None, 0.0, 2.5, 7.0, 2004-01-15 16:30:00, None, None, 10.0
-5.0, None, None, 0.0, -5.0, 2.0, 2004-01-16 05:30:00, None, None, 9.0
1.5, None, None, 0.0, -5.5, 2.0, 2004-01-16 16:30:00, None, None, 9.0
3.0, None, None, 0.0, -1.0, 3.0, 2004-01-17 05:30:00, None, None, 8.0
4.0, None, None, 0.0, 2.0, 6.0, 2004-01-17 16:30:00, None, None, 8.0
0.0, None, None, 0.0, 0.0, 4.5, 2004-01-18 05:30:00, None, None, 8.0
4.5, None, None, 0.0, -0.5, 6.0, 2004-01-18 16:30:00, None, None, 8.0
-2.0, None, None, 0.0, -2.0, 4.0, 2004-01-19 05:30:00, None, None, 8.0
2.0, None, None, 0.0, -3.0, 4.0, 2004-01-19 16:30:00, None, None, 8.0
-2.0, None, None, 0.0, -5.0, 2.0, 2004-01-20 05:30:00, None, None, 7.0
0.5, None, None, 0.0, -2.0, 0.5, 2004-01-20 16:30:00, None, None, 7.0
1.0, None, None, 6.0, 0.5, 1.5, 2004-01-21 16:00:00, None, None, 13.0
1.0, None, None, 3.0, 0.0, 1.0, 2004-01-22 05:30:00, None, None, 14.0
3.0, None, None, 0.0, 0.0, 3.0, 2004-01-22 16:30:00, None, None, 14.0
1.0, None, None, 0.0, 0.0, 3.0, 2004-01-23 05:30:00, None, None, 10.0
2.0, None, None, 0.0, 0.0, 4.0, 2004-01-23 16:30:00, None, None, 10.0
-4.0, None, None, 2.0, -4.0, 2.0, 2004-01-24 05:30:00, None, None, 12.0
-13.0, None, None, 3.0, -13.0, -4.0, 2004-01-24 16:30:00, None, None, 15.0
-18.0, None, None, 0.0, -18.0, -13.0, 2004-01-25 05:30:00, None, None, 15.0
-18.0, None, None, 1.0, -18.0, -17.0, 2004-01-25 16:30:00, None, None, 16.0
-25.0, None, None, 4.0, -25.0, -18.0, 2004-01-26 05:30:00, None, None, 20.0
-25.0, None, None, 1.0, -26.0, -18.0, 2004-01-26 16:30:00, None, None, 21.0
-30.0, None, None, 0.0, -30.0, -25.0, 2004-01-27 05:30:00, None, None, 20.0
-25.5, None, None, 0.1, -30.0, -25.5, 2004-01-27 16:30:00, None, None, 20.0
-24.0, None, None, 12.0, -25.0, -24.0, 2004-01-28 05:30:00, None, None, 31.0
-19.0, None, None, 8.0, -26.0, -18.0, 2004-01-28 16:30:00, None, None, 39.0
-23.0, None, None, 2.0, -23.0, -18.0, 2004-01-29 05:30:00, None, None, 40.0
-15.5, None, None, 0.0, -23.0, -14.0, 2004-01-29 16:30:00, None, None, 40.0
-8.5, None, None, 0.1, -12.0, -8.0, 2004-01-30 16:30:00, None, None, 40.0
-10.0, None, None, 0.0, -14.0, -9.0, 2004-01-31 05:30:00, None, None, 40.0
-6.0, None, None, 0.0, -11.0, -4.0, 2004-01-31 16:30:00, None, None, 40.0
-9.0, None, None, 0.0, -9.0, -6.5, 2004-02-01 05:30:00, None, None, 40.0
-9.0, None, None, 0.1, -10.0, -9.0, 2004-02-01 16:30:00, None, None, 40.0
-10.0, None, None, 1.0, -10.0, -8.0, 2004-02-02 05:30:00, None, None, 40.0
-10.5, None, None, 0.0, -10.5, -9.0, 2004-02-02 16:30:00, None, None, 40.0
-11.0, None, None, 2.0, -12.0, -11.0, 2004-02-03 05:30:00, None, None, 42.0
-8.5, None, None, 5.0, -12.0, -8.5, 2004-02-03 16:30:00, None, None, 47.0
-18.0, None, None, 0.0, -18.0, -8.0, 2004-02-04 05:30:00, None, None, 47.0
-9.0, None, None, 0.0, -20.5, -5.5, 2004-02-04 16:30:00, None, None, 47.0
-20.0, None, None, 0.0, -20.0, -10.0, 2004-02-05 05:30:00, None, None, 47.0
-2.5, None, None, 4.0, -20.0, -2.5, 2004-02-05 16:30:00, None, None, 51.0
3.0, None, None, 0.0, 1.0, 3.0, 2004-02-06 16:30:00, None, None, 56.0
-4.0, None, None, 0.0, -4.0, 3.0, 2004-02-07 05:30:00, None, None, 56.0
0.0, None, None, 0.0, -5.0, 3.0, 2004-02-07 16:30:00, None, None, 56.0
0.0, None, None, 9.0, -2.0, 0.0, 2004-02-08 05:30:00, None, None, 65.0
2.0, None, None, 2.0, -1.0, 2.5, 2004-02-08 16:30:00, None, None, 67.0
-2.0, None, None, 0.0, -2.0, 2.0, 2004-02-09 05:30:00, None, None, 67.0
1.0, None, None, 0.0, -4.5, 4.0, 2004-02-09 16:30:00, None, None, 67.0
-2.0, None, None, 0.0, -3.0, 1.0, 2004-02-10 05:30:00, None, None, 50.0
2.5, None, None, 0.0, -2.0, 5.0, 2004-02-10 16:30:00, None, None, 40.0
0.0, None, None, 0.0, -2.0, 3.0, 2004-02-11 05:30:00, None, None, 35.0
2.5, None, None, 0.0, 0.0, 5.5, 2004-02-11 16:30:00, None, None, 35.0
-7.0, None, None, 0.0, -7.0, 2.0, 2004-02-12 05:30:00, None, None, 35.0
3.0, None, None, 0.0, -7.0, 6.5, 2004-02-12 16:30:00, None, None, 35.0
-5.0, None, None, 0.0, -5.0, 3.0, 2004-02-13 05:30:00, None, None, 35.0
3.0, None, None, 0.0, -8.0, 7.0, 2004-02-13 16:30:00, None, None, 35.0
-2.0, None, None, 0.0, -4.0, 3.0, 2004-02-14 05:30:00, None, None, 33.0
4.0, None, None, 0.1, -3.0, 4.0, 2004-02-14 16:30:00, None, None, 33.0
0.0, None, None, 0.0, 0.0, 4.0, 2004-02-15 05:30:00, None, None, 31.0
2.0, None, None, 0.0, -1.0, 5.0, 2004-02-15 16:30:00, None, None, 31.0
-6.0, None, None, 0.0, -6.0, 2.0, 2004-02-16 05:30:00, None, None, 31.0
2.5, None, None, 0.0, -9.0, 5.5, 2004-02-16 16:30:00, None, None, 31.0
2.0, None, None, 0.0, 1.0, 3.0, 2004-02-17 05:30:00, None, None, 30.0
7.5, None, None, 0.0, 1.5, 9.0, 2004-02-17 16:30:00, None, None, 30.0
-1.0, None, None, 0.0, -3.0, 7.0, 2004-02-18 05:30:00, None, None, 28.0
5.0, None, None, 0.0, -2.0, 6.5, 2004-02-18 16:30:00, None, None, 28.0
-3.0, None, None, 0.0, -3.0, 5.0, 2004-02-19 05:30:00, None, None, 27.0
5.0, None, None, 0.0, -5.5, 8.0, 2004-02-19 16:30:00, None, None, 27.0
0.0, None, None, 3.0, 0.0, 5.0, 2004-02-20 05:30:00, None, None, 29.0
5.0, None, None, 0.0, 0.0, 8.0, 2004-02-20 16:30:00, None, None, 25.0
-4.0, None, None, 0.0, -4.0, 5.0, 2004-02-21 05:30:00, None, None, 24.0
4.0, None, None, 0.0, -6.0, 8.5, 2004-02-21 16:30:00, None, None, 24.0
-9.0, None, None, 0.0, -9.0, 4.0, 2004-02-22 05:30:00, None, None, 23.0
3.0, None, None, 0.0, -11.0, 7.0, 2004-02-22 16:30:00, None, None, 23.0
-8.0, None, None, 0.0, -8.0, 3.0, 2004-02-23 05:30:00, None, None, 22.0
7.0, None, None, 0.0, -9.5, 9.5, 2004-02-23 16:30:00, None, None, 27.0
0.0, None, None, 0.0, -2.0, 7.0, 2004-02-24 06:30:00, None, None, 21.0
7.5, None, None, 0.0, -9.0, 9.5, 2004-02-24 16:30:00, None, None, 21.0
-5.0, None, None, 0.0, -6.0, 4.5, 2004-02-25 05:30:00, None, None, 20.0
0.0, None, None, 0.0, 0.0, 6.0, 2004-02-26 05:30:00, None, None, 20.0
2.0, None, None, 0.0, -1.0, 2.5, 2004-02-26 16:30:00, None, None, 20.0
0.0, None, None, 3.0, 0.0, 0.0, 2004-02-27 05:30:00, None, None, 21.0
3.0, None, None, 0.0, 0.0, 3.5, 2004-02-27 16:30:00, None, None, 21.0
0.0, None, None, 0.0, -0.5, 2.5, 2004-02-28 05:30:00, None, None, 22.0
3.0, None, None, 0.0, 0.0, 6.0, 2004-02-28 16:30:00, None, None, 22.0
-1.0, None, None, 0.0, -2.0, 3.0, 2004-02-29 05:30:00, None, None, 21.0
1.5, None, None, 0.0, -2.0, 1.5, 2004-02-29 16:30:00, None, None, 21.0
-1.0, None, None, 0.0, -1.0, 2.0, 2004-03-01 05:30:00, None, None, 20.0
2.0, None, None, 0.0, -1.5, 4.0, 2004-03-01 16:30:00, None, None, 20.0
-10.0, None, None, 0.0, -10.0, 2.0, 2004-03-02 05:30:00, None, None, 20.0
1.0, None, None, 0.0, -11.0, 3.5, 2004-03-02 16:30:00, None, None, 20.0
-4.0, None, None, 0.1, -7.0, 1.0, 2004-03-03 05:30:00, None, None, 20.0
1.5, None, None, 4.0, -4.0, 1.5, 2004-03-03 16:30:00, None, None, 24.0
0.0, None, None, 5.0, 0.0, 1.0, 2004-03-04 05:30:00, None, None, 28.0
3.5, None, None, 0.0, 0.5, 4.5, 2004-03-04 16:30:00, None, None, 28.0
0.0, None, None, 6.0, 0.0, 3.0, 2004-03-05 05:30:00, None, None, 34.0
6.0, None, None, 0.0, -2.0, 8.0, 2004-03-05 16:30:00, None, None, 34.0
-5.0, None, None, 0.0, -5.0, 6.0, 2004-03-06 05:30:00, None, None, 30.0
4.0, None, None, 0.0, -7.0, 5.0, 2004-03-06 16:30:00, None, None, 30.0
1.5, None, None, 3.0, 0.0, 4.0, 2004-03-07 05:30:00, None, None, 32.0
11.5, None, None, 0.0, 1.0, 14.0, 2004-03-07 16:30:00, None, None, 24.0
6.0, None, None, 0.0, 2.0, 12.0, 2004-03-08 05:30:00, None, None, 27.0
11.5, None, None, 0.0, 6.0, 15.0, 2004-03-08 16:30:00, None, None, 27.0
3.0, None, None, None, 3.0, 14.0, 2004-03-09 05:30:00, None, None, 20.0
6.0, None, None, 0.0, 3.0, 6.0, 2004-03-09 16:30:00, None, None, 20.0
-7.0, None, None, 0.0, -7.0, 7.0, 2004-03-10 05:30:00, None, None, 14.0
7.5, None, None, 0.0, -7.0, 7.5, 2004-03-10 16:30:00, None, None, 14.0
-2.0, None, None, None, -2.0, 7.0, 2004-03-11 05:50:00, None, None, 12.0
10.5, None, None, 0.0, -4.0, 10.5, 2004-03-11 16:30:00, None, None, 12.0
2.0, None, None, 0.0, 2.0, 11.0, 2004-03-12 05:30:00, None, None, 12.0
3.0, None, None, 0.0, 1.0, 10.0, 2004-03-12 16:30:00, None, None, 12.0
-7.0, None, None, 0.0, -7.0, 2.0, 2004-03-13 05:30:00, None, None, 10.0
6.0, None, None, 0.0, -8.0, 6.5, 2004-03-13 16:30:00, None, None, 10.0
1.0, None, None, 0.0, 1.0, 6.0, 2004-03-14 05:30:00, None, None, 9.0
9.0, None, None, 0.0, -0.5, 9.0, 2004-03-14 16:30:00, None, None, 9.0
1.0, None, None, 0.0, 1.0, 9.0, 2004-03-15 05:30:00, None, None, 8.0
7.0, None, None, 0.0, 0.0, 7.0, 2004-03-15 16:30:00, None, None, 8.0
0.5, None, None, 0.1, 0.0, 7.5, 2004-03-16 05:30:00, None, None, 8.0
11.5, None, None, 0.0, 1.0, 11.5, 2004-03-16 16:30:00, None, None, 8.0
-4.0, None, None, 0.0, -4.0, 11.0, 2004-03-17 05:30:00, None, None, 7.0
5.0, None, None, 0.0, -5.0, 5.5, 2004-03-17 16:30:00, None, None, 7.0
0.0, None, None, 3.0, 0.0, 5.0, 2004-03-18 05:30:00, None, None, 8.0
8.0, None, None, 0.0, 0.0, 8.0, 2004-03-18 16:30:00, None, None, 8.0
1.0, None, None, None, 1.0, 6.0, 2004-03-19 05:30:00, None, None, 8.0
6.0, None, None, 0.0, 0.0, 7.0, 2004-03-19 16:30:00, None, None, 8.0
-5.0, None, None, 0.1, -5.0, 6.0, 2004-03-20 05:30:00, None, None, 6.0
8.0, None, None, 0.0, -5.5, 8.5, 2004-03-20 16:30:00, None, None, 6.0
-2.0, None, None, None, -3.0, 8.0, 2004-03-21 05:30:00, None, None, 6.0
7.0, None, None, 0.0, -2.0, 7.0, 2004-03-21 16:30:00, None, None, 6.0
-3.0, None, None, 0.0, -3.0, 7.0, 2004-03-22 05:30:00, None, None, 6.0
9.0, None, None, 0.0, -3.5, 10.0, 2004-03-22 16:30:00, None, None, 6.0
-3.0, None, None, 0.0, -3.0, 9.0, 2004-03-23 05:30:00, None, None, 6.0
11.0, None, None, 0.0, -3.0, 12.0, 2004-03-23 16:30:00, None, None, 6.0
-4.0, None, None, 0.0, -4.0, 12.0, 2004-03-24 05:30:00, None, None, 6.0
4.0, None, None, 0.0, -4.0, 9.0, 2004-03-24 16:30:00, None, None, 0.0
0.0, None, None, 0.0, 0.0, 4.0, 2004-03-25 05:30:00, None, None, 0.0
11.0, None, None, 0.0, -4.5, 12.0, 2004-03-25 16:30:00, None, None, 0.0
4.0, None, None, 0.0, -2.0, 11.0, 2004-03-26 16:30:00, None, None, 0.0
10.0, None, None, 0.0, -1.0, 12.0, 2004-03-27 16:30:00, None, None, 0.0
